# Created by Octave 4.2.2, Wed Jan 01 03:29:25 2020 UTC <jovyan@jupyter-tbondy760-2dsat-2dchirp-2dnotebooks-2dvlnnmzmb>
# name: TestFreq
# type: matrix
# rows: 16
# columns: 1
 1605
 1606
 1607
 1608
 1609
 323
 1610
 1611
 1612
 1613
 1614
 322
 1615
 1616
 1617
 1618


