# Created by Octave 4.2.2, Mon Dec 30 22:39:02 2019 UTC <jovyan@jupyter-tbondy760-2dsat-2dchirp-2dnotebooks-2d711woxjv>
# name: TestPhi
# type: matrix
# rows: 16
# columns: 1
 5.807456640304511e-05
 1.466910614158975e-06
 6.270827751355307e-05
 3.141552067101806
 3.141566340161238
 3.141591186382819
 3.141451491648116
 3.141550061046032
 3.141560521383264
 2.909046232029742
 1.236234287825141e-05
 3.141517369606996
 0.1664427866183462
 3.141590757753638
 2.571375368186069e-06
 2.538566084816772


