# Created by Octave 4.2.2, Wed Jan 01 19:36:56 2020 UTC <terry@0e81b2fcffed>
# name: TestFreq
# type: matrix
# rows: 16
# columns: 1
 2220
 2221
 2222
 234
 2223
 2224
 2225
 2226
 2227
 2228
 2229
 2230
 2231
 233
 2232
 2233


