# Created by Octave 4.2.2, Mon Dec 30 14:09:58 2019 UTC <jovyan@jupyter-tbondy760-2dsat-2dchirp-2dnotebooks-2dq5x0vs75>
# name: TestFreq
# type: matrix
# rows: 16
# columns: 1
 493
 1055
 1056
 492
 1057
 1058
 1059
 491
 1060
 1061
 490
 1062
 1063
 489
 1064
 1065


