# Created by Octave 4.2.2, Wed Jan 01 21:12:24 2020 UTC <terry@0e81b2fcffed>
# name: TestFreq
# type: matrix
# rows: 16
# columns: 1
 224
 2322
 2323
 2324
 2325
 2326
 2327
 2328
 2329
 2330
 2331
 223
 2332
 2333
 2334
 2335


