# Created by Octave 4.2.2, Wed Jan 01 23:45:56 2020 UTC <terry@0e81b2fcffed>
# name: TestPhi
# type: matrix
# rows: 16
# columns: 1
 3.141586000661669
 3.141558414622728
 8.070073428356124e-06
 3.141583176631324
 2.56215570281934
 0.3273532390814508
 0.0001095404711277976
 0.03015961966350094
 2.973380023982988e-05
 2.314229255979531e-05
 8.51021206568603e-05
 3.141509939005338
 3.132480849872235
 3.116521906954037
 0.4973512172534025
 5.80181027103158e-06


