# Created by Octave 4.2.2, Mon Dec 30 14:26:10 2019 UTC <jovyan@jupyter-tbondy760-2dsat-2dchirp-2dnotebooks-2dq5x0vs75>
# name: TestFreq
# type: matrix
# rows: 16
# columns: 1
 488
 1066
 1067
 487
 1068
 1069
 486
 1070
 1071
 1072
 485
 1073
 1074
 484
 1075
 1076


