# Created by Octave 4.2.2, Wed Jan 01 00:10:42 2020 UTC <jovyan@jupyter-tbondy760-2dsat-2dchirp-2dnotebooks-2djvnhni2t>
# name: TestFreq
# type: matrix
# rows: 16
# columns: 1
 335
 1553
 1554
 1555
 1556
 334
 1557
 1558
 1559
 1560
 1561
 333
 1562
 1563
 1564
 1565


