# Created by Octave 4.2.2, Wed Jan 01 21:53:45 2020 UTC <terry@0e81b2fcffed>
# name: TestPhi
# type: matrix
# rows: 16
# columns: 1
 1.246114118213774e-05
 5.458109365012047e-06
 2.92200874481084e-05
 0.0001908787559878643
 3.141585829521064
 5.835143466629318e-06
 2.385064913517713
 3.141582487586557
 3.141386593205212
 8.237331700800815e-06
 2.426244151478478
 3.141556522844264
 3.141028167744421
 3.141577974010618
 6.428224824777611e-05
 3.141515602234276


