# Created by Octave 4.2.2, Sun Dec 29 18:25:14 2019 UTC <jovyan@jupyter-tbondy760-2dsat-2dchirp-2dnotebooks-2dsutsh1gr>
# name: TestPhi
# type: matrix
# rows: 16
# columns: 1
 3.141591310002133
 4.560004120491656e-06
 6.117241728843366e-05
 3.141583230012431
 0.01775108057944442
 3.141556857352032
 3.123172338929417
 1.071373000095167
 3.141551691128818
 3.141584036108976
 3.096837936070634
 3.141591169811373
 0.0001668832965698566
 2.630346545296637e-05
 0.003616430274415522
 3.141547189560175


