# Created by Octave 4.2.2, Wed Jan 01 18:56:18 2020 UTC <terry@0e81b2fcffed>
# name: TestPhi
# type: matrix
# rows: 16
# columns: 1
 3.141542210710317
 6.708673172384979e-06
 0.4621844985346541
 1.564629932003429e-05
 3.141589156275375
 0.009166255593925053
 4.087499523079344e-06
 4.24356469644764e-05
 2.415588010023387
 7.817444858981012e-06
 3.141561108448654
 3.082349558796465e-05
 2.971274333819903
 9.968622357074848e-06
 3.14156264828083
 3.141551134941893


