# Created by Octave 4.2.2, Thu Jan 02 00:29:01 2020 UTC <terry@0e81b2fcffed>
# name: TestPhi
# type: matrix
# rows: 16
# columns: 1
 1.192246181790926e-05
 3.141577633811121
 6.961824249571167e-05
 3.135827836772437
 0.0223490535589538
 3.141527555801085
 3.141554004538471
 3.569477751933382e-05
 3.250579366405912e-06
 1.25236403806474e-05
 0.0007659358305586679
 3.141469120391875
 0.001144753801453356
 0.02917210064666576
 3.141441049262615
 3.14156750734757


