# Created by Octave 4.2.2, Sun Dec 29 18:56:49 2019 UTC <jovyan@jupyter-tbondy760-2dsat-2dchirp-2dnotebooks-2dsutsh1gr>
# name: TestPhi
# type: matrix
# rows: 16
# columns: 1
 1.067846254481086e-05
 3.140178635546344
 6.209324724327029e-07
 4.489719604280028e-05
 3.141548633167526
 3.14158107114412
 3.141545039908952
 3.14154290976456
 3.141578710241685
 7.751867842457219e-05
 1.038802682480633
 0.1196887776225609
 3.008854368141917
 2.361233742994335e-05
 3.141410442217468
 3.17328148004652e-05


