# Created by Octave 4.2.2, Tue Dec 31 20:32:31 2019 UTC <jovyan@jupyter-tbondy760-2dsat-2dchirp-2dnotebooks-2djvnhni2t>
# name: TestFreq
# type: matrix
# rows: 16
# columns: 1
 359
 1449
 1450
 1451
 1452
 358
 1453
 1454
 1455
 1456
 357
 1457
 1458
 1459
 1460
 356


