# Created by Octave 4.2.2, Wed Jan 01 15:02:41 2020 UTC <jovyan@jupyter-tbondy760-2dsat-2dchirp-2dnotebooks-2d6ayl3l3y>
# name: TestFreq
# type: matrix
# rows: 16
# columns: 1
 265
 1963
 1964
 1965
 1966
 1967
 1968
 1969
 264
 1970
 1971
 1972
 1973
 1974
 1975
 1976


