# Created by Octave 4.2.2, Wed Jan 01 18:28:09 2020 UTC <terry@0e81b2fcffed>
# name: TestPhi
# type: matrix
# rows: 16
# columns: 1
 3.141587908702403
 3.060373080363362
 3.141569899601095
 1.217419197433542e-05
 4.303450066210418e-06
 3.141571317043914
 0.000345134847181593
 3.141565571051106
 0.0005541315722397187
 3.14158702081343
 3.586487488314411e-05
 3.843496962405551e-05
 1.051617109817753e-05
 3.141526073221442
 2.323422628300803e-06
 3.140905935938845


