# Created by Octave 4.2.2, Sun Dec 29 18:25:14 2019 UTC <jovyan@jupyter-tbondy760-2dsat-2dchirp-2dnotebooks-2dsutsh1gr>
# name: TestFreq
# type: matrix
# rows: 16
# columns: 1
 572
 910
 571
 911
 912
 570
 913
 569
 914
 915
 568
 916
 917
 567
 918
 566


