# Created by Octave 4.2.2, Wed Jan 01 00:10:42 2020 UTC <jovyan@jupyter-tbondy760-2dsat-2dchirp-2dnotebooks-2djvnhni2t>
# name: TestPhi
# type: matrix
# rows: 16
# columns: 1
 0.8724591471278645
 0.0001110241981029809
 0.1217920887834176
 3.140726595971493
 4.912064056075693e-06
 2.653898660297244e-05
 5.089259219391789e-07
 3.141555197554985
 3.141582998645337
 9.25528933465515e-05
 0.08778543360787032
 3.478449567164132e-07
 5.055369328554735e-05
 8.108042817428863e-05
 3.141551730002428
 3.141562865335215


