# Created by Octave 4.2.2, Wed Jan 01 15:18:56 2020 UTC <jovyan@jupyter-tbondy760-2dsat-2dchirp-2dnotebooks-2d6ayl3l3y>
# name: TestPhi
# type: matrix
# rows: 16
# columns: 1
 2.041600630567583
 3.141577806072434
 2.69668805397464e-05
 3.828445327841156e-06
 7.473956000819344e-06
 1.847606556114903e-06
 3.141589761312793
 3.141591878892745
 2.834771098592854e-05
 1.650255987358389
 3.141589379372017
 3.141583512698198
 7.798410672344547e-06
 3.141560851847038
 3.141551046262478
 3.141583627796655


