# Created by Octave 4.2.2, Mon Dec 30 15:17:17 2019 UTC <jovyan@jupyter-tbondy760-2dsat-2dchirp-2dnotebooks-2dq5x0vs75>
# name: TestPhi
# type: matrix
# rows: 16
# columns: 1
 3.141588121120804
 4.785700191250854e-05
 3.083298580544629e-05
 1.045968590468777e-05
 0.5148874579960564
 5.783332473171088e-05
 9.268310164775808e-06
 3.141566988137433
 3.141573860402784
 0.0006025465064106851
 3.141515762998725
 1.008158783824833e-05
 3.141561834790857
 7.956903925102607e-06
 3.728958035129233e-05
 0.0001658292389358346


