# Created by Octave 4.2.2, Tue Dec 31 23:43:59 2019 UTC <jovyan@jupyter-tbondy760-2dsat-2dchirp-2dnotebooks-2djvnhni2t>
# name: TestPhi
# type: matrix
# rows: 16
# columns: 1
 2.85633528133799e-06
 7.052678998047372e-07
 3.642732745401385e-07
 5.271491138012067e-06
 2.259890635652266e-07
 1.544199525611812e-06
 3.141590642227386
 1.991350274142612e-06
 3.141591405887612
 0.5456650801423155
 3.141592492166449
 3.141592603074246
 8.102770972586122e-07
 3.141591162898949
 3.141588538590956
 3.14159191751652


