# Created by Octave 4.2.2, Tue Dec 31 15:51:41 2019 UTC <jovyan@jupyter-tbondy760-2dsat-2dchirp-2dnotebooks-2d0ks6opua>
# name: TestFreq
# type: matrix
# rows: 16
# columns: 1
 1423
 1424
 365
 1425
 1426
 1427
 1428
 364
 1429
 1430
 1431
 1432
 363
 1433
 1434
 1435


