# Created by Octave 4.2.2, Mon Dec 30 01:47:01 2019 UTC <jovyan@jupyter-tbondy760-2dsat-2dchirp-2dnotebooks-2dgh254e8d>
# name: TestPhi
# type: matrix
# rows: 16
# columns: 1
 2.933561172774597e-05
 1.188567300695757e-06
 9.921127054969124e-06
 3.019735004086855
 0.06200314325023216
 0.02208137582674565
 3.128360527259075
 3.141521761112341
 3.141531558387452
 3.141590080967422
 2.701756035494474e-05
 2.424541740568059e-06
 3.141174397482493
 0.07853939731591791
 3.141546689662195
 2.546456826282034


