# Created by Octave 4.2.2, Tue Dec 31 15:51:41 2019 UTC <jovyan@jupyter-tbondy760-2dsat-2dchirp-2dnotebooks-2d0ks6opua>
# name: TestPhi
# type: matrix
# rows: 16
# columns: 1
 3.141562023868198
 3.141557314006127
 3.141578763758485
 3.141571375735526
 2.70555342180148
 2.845562847791512e-06
 2.955997648549238
 3.141563894763814
 1.927194120313679e-06
 0.0015561643514123
 4.313212523233327e-05
 4.104590388226866e-06
 3.141555324302737
 3.141565751779926
 3.141568237721783
 3.14129714301345


