# Created by Octave 4.2.2, Sun Dec 29 18:56:49 2019 UTC <jovyan@jupyter-tbondy760-2dsat-2dchirp-2dnotebooks-2dsutsh1gr>
# name: TestFreq
# type: matrix
# rows: 16
# columns: 1
 929
 930
 559
 931
 558
 932
 933
 557
 934
 935
 556
 936
 555
 937
 938
 554


