# Created by Octave 4.2.2, Mon Dec 30 22:22:03 2019 UTC <jovyan@jupyter-tbondy760-2dsat-2dchirp-2dnotebooks-2d711woxjv>
# name: TestPhi
# type: matrix
# rows: 16
# columns: 1
 3.1414779468734
 2.079721853354154e-05
 6.319591223807313e-06
 0.01537651820628966
 2.880016036646186
 3.14158848047675
 7.276436731071557e-06
 2.221283117514718e-05
 3.141585952045279
 6.924021119662697e-06
 0.6005197011120803
 3.14158949132916
 7.737586778911254e-05
 3.141585019954676
 2.528245891303856
 7.546379127127798e-05


