# Created by Octave 4.2.2, Wed Jan 01 18:56:18 2020 UTC <terry@0e81b2fcffed>
# name: TestFreq
# type: matrix
# rows: 16
# columns: 1
 2176
 2177
 2178
 2179
 2180
 2181
 2182
 2183
 2184
 238
 2185
 2186
 2187
 2188
 2189
 2190


