# Created by Octave 4.2.2, Mon Dec 30 13:19:19 2019 UTC <jovyan@jupyter-tbondy760-2dsat-2dchirp-2dnotebooks-2dq5x0vs75>
# name: TestFreq
# type: matrix
# rows: 16
# columns: 1
 1022
 1023
 508
 1024
 1025
 507
 1026
 1027
 506
 1028
 1029
 505
 1030
 1031
 504
 1032


