# Created by Octave 4.2.2, Sun Dec 29 12:12:56 2019 UTC <terry@b3ebbc4233f8>
# name: TestPhi
# type: matrix
# rows: 16
# columns: 1
 0.2810078158569906
 3.066394195230707
 0.882703333685542
 5.3323817535733e-06
 3.141506051516518
 1.863306438002027
 0.003279612140921173
 1.884058472274024e-07
 5.764845521934422e-05
 2.892295104612716
 3.141591760665567
 3.141586120790472
 0.0002694228034072793
 3.141592262187166
 3.132089075549552
 7.067197024928599e-05


