# Created by Octave 4.2.2, Mon Dec 30 20:55:28 2019 UTC <jovyan@jupyter-tbondy760-2dsat-2dchirp-2dnotebooks-2d711woxjv>
# name: TestFreq
# type: matrix
# rows: 16
# columns: 1
 1167
 1168
 445
 1169
 1170
 1171
 444
 1172
 1173
 443
 1174
 1175
 1176
 442
 1177
 1178


