# Created by Octave 4.2.2, Wed Jan 01 07:06:05 2020 UTC <jovyan@jupyter-tbondy760-2dsat-2dchirp-2dnotebooks-2dvlnnmzmb>
# name: TestPhi
# type: matrix
# rows: 16
# columns: 1
 1.950090274476244e-06
 2.590716235423668
 3.141578515875287
 3.141585187588504
 0.0001239619928452876
 3.141576911123419
 2.555766816530111
 3.894322508314735e-06
 3.141591569434558
 2.962922272896162
 2.546300464491563e-06
 3.141576114310497
 3.141584462156966
 5.858394224311905e-06
 0.0001345056673366884
 4.548810163865776e-05


