# Created by Octave 4.2.2, Mon Dec 30 13:35:24 2019 UTC <jovyan@jupyter-tbondy760-2dsat-2dchirp-2dnotebooks-2dq5x0vs75>
# name: TestPhi
# type: matrix
# rows: 16
# columns: 1
 0.1840683047430978
 0.4969377668114301
 3.141584350852195
 3.141575108052238
 3.247387079578657e-05
 0.04241847173837979
 2.224402231527177e-06
 6.232890958852522e-05
 3.141481108314494
 0.00187207339721112
 1.263766964389925e-05
 3.139955715848117
 3.141439041843185
 9.051854239304732e-06
 1.357158963648651e-05
 1.173132289032187e-05


