# Created by Octave 4.2.2, Wed Jan 01 02:34:50 2020 UTC <jovyan@jupyter-tbondy760-2dsat-2dchirp-2dnotebooks-2dvlnnmzmb>
# name: TestFreq
# type: matrix
# rows: 16
# columns: 1
 1592
 1593
 1594
 1595
 326
 1596
 1597
 1598
 1599
 1600
 325
 1601
 1602
 1603
 1604
 324


