# Created by Octave 4.2.2, Mon Dec 30 15:33:59 2019 UTC <jovyan@jupyter-tbondy760-2dsat-2dchirp-2dnotebooks-2dq5x0vs75>
# name: TestPhi
# type: matrix
# rows: 16
# columns: 1
 2.913885042299346
 1.180141628238748e-06
 0.1052698160591712
 6.513952957745742e-07
 0.6125393578771781
 2.172444137285756e-05
 1.054969178185181e-05
 0.0001213656923927923
 3.720198261308824e-05
 7.767092394449088e-05
 3.14158780038352
 3.141339650974694
 0.5238574504357628
 3.97730374615854e-05
 3.141583077615727
 3.141587148566586


