# Created by Octave 4.2.2, Tue Dec 31 23:27:55 2019 UTC <jovyan@jupyter-tbondy760-2dsat-2dchirp-2dnotebooks-2djvnhni2t>
# name: TestFreq
# type: matrix
# rows: 16
# columns: 1
 1513
 1514
 1515
 1516
 343
 1517
 1518
 1519
 1520
 342
 1521
 1522
 1523
 1524
 341
 1525


