# Created by Octave 4.2.2, Mon Dec 30 14:59:46 2019 UTC <jovyan@jupyter-tbondy760-2dsat-2dchirp-2dnotebooks-2dq5x0vs75>
# name: TestPhi
# type: matrix
# rows: 16
# columns: 1
 3.141571000810551
 3.141488246236685
 3.14156079614609
 3.102909606206855
 3.141586845588265
 3.141581253414163
 1.141700908447546e-05
 3.141571100594167
 0.7914467191881822
 3.662290671188792e-06
 5.752475657351357e-06
 3.141590258205228
 0.0002543120644824657
 2.413785655733177e-05
 0.4701309227571002
 2.795351274267551


