# Created by Octave 4.2.2, Thu Jan 02 00:57:29 2020 UTC <terry@0e81b2fcffed>
# name: TestFreq
# type: matrix
# rows: 16
# columns: 1
 2557
 2558
 2559
 2560
 2561
 203
 2562
 2563
 2564
 2565
 2566
 2567
 2568
 2569
 2570
 2571


