# Created by Octave 4.2.2, Wed Jan 01 17:17:54 2020 UTC <terry@0e81b2fcffed>
# name: TestFreq
# type: matrix
# rows: 16
# columns: 1
 2076
 2077
 2078
 2079
 2080
 250
 2081
 2082
 2083
 2084
 2085
 2086
 2087
 2088
 249
 2089


