# Created by Octave 4.2.2, Wed Jan 01 07:06:05 2020 UTC <jovyan@jupyter-tbondy760-2dsat-2dchirp-2dnotebooks-2dvlnnmzmb>
# name: TestFreq
# type: matrix
# rows: 16
# columns: 1
 1768
 294
 1769
 1770
 1771
 1772
 1773
 1774
 293
 1775
 1776
 1777
 1778
 1779
 1780
 292


