# Created by Octave 4.2.2, Wed Jan 01 14:33:14 2020 UTC <jovyan@jupyter-tbondy760-2dsat-2dchirp-2dnotebooks-2d6ayl3l3y>
# name: TestFreq
# type: matrix
# rows: 16
# columns: 1
 1934
 1935
 1936
 1937
 1938
 1939
 1940
 268
 1941
 1942
 1943
 1944
 1945
 1946
 1947
 267


