# Created by Octave 4.2.2, Wed Jan 01 20:17:46 2020 UTC <terry@0e81b2fcffed>
# name: TestFreq
# type: matrix
# rows: 16
# columns: 1
 2263
 2264
 2265
 2266
 2267
 2268
 2269
 2270
 229
 2271
 2272
 2273
 2274
 2275
 2276
 2277


