# Created by Octave 4.2.2, Tue Dec 31 05:18:47 2019 UTC <jovyan@jupyter-tbondy760-2dsat-2dchirp-2dnotebooks-2dn9416dzm>
# name: TestPhi
# type: matrix
# rows: 16
# columns: 1
 3.141588354518509
 0.198127168757277
 2.914509606696919e-05
 2.937756733636956
 3.141517019676439
 3.141588961293359
 9.298007971553784e-06
 1.597867193676565e-05
 6.847444833030299e-06
 3.14157230322372
 2.897674635352261
 3.141531132923702
 1.343751101281918e-05
 1.393516587236105e-05
 3.141518544691789
 0.3059409017839639


