# Created by Octave 4.2.2, Mon Dec 30 01:47:01 2019 UTC <jovyan@jupyter-tbondy760-2dsat-2dchirp-2dnotebooks-2dgh254e8d>
# name: TestFreq
# type: matrix
# rows: 16
# columns: 1
 542
 960
 961
 541
 962
 540
 963
 964
 539
 965
 966
 538
 967
 968
 537
 969


