# Created by Octave 4.2.2, Mon Dec 30 16:07:45 2019 UTC <jovyan@jupyter-tbondy760-2dsat-2dchirp-2dnotebooks-2dq5x0vs75>
# name: TestFreq
# type: matrix
# rows: 16
# columns: 1
 459
 1133
 1134
 1135
 458
 1136
 1137
 457
 1138
 1139
 1140
 456
 1141
 1142
 455
 1143


