# Created by Octave 4.2.2, Wed Jan 01 07:20:10 2020 UTC <jovyan@jupyter-tbondy760-2dsat-2dchirp-2dnotebooks-2dvlnnmzmb>
# name: TestFreq
# type: matrix
# rows: 16
# columns: 1
 1781
 1782
 1783
 1784
 1785
 1786
 291
 1787
 1788
 1789
 1790
 1791
 1792
 1793
 290
 1794


