# Created by Octave 4.2.2, Mon Dec 30 20:37:14 2019 UTC <jovyan@jupyter-tbondy760-2dsat-2dchirp-2dnotebooks-2d711woxjv>
# name: TestFreq
# type: matrix
# rows: 16
# columns: 1
 450
 1156
 1157
 1158
 449
 1159
 1160
 448
 1161
 1162
 1163
 447
 1164
 1165
 446
 1166


