# Created by Octave 4.2.2, Sun Dec 29 11:41:12 2019 UTC <terry@b3ebbc4233f8>
# name: TestPhi
# type: matrix
# rows: 16
# columns: 1
 0.0001205764757097762
 1.715692723322948e-06
 0.1051586480105233
 0.3705491326135069
 3.588706249231551e-05
 3.072032477566703
 0.3239284400406273
 0.4453547078200607
 5.915550971538655e-05
 1.479544032302353
 4.219251969364714e-05
 3.108677538798148
 3.141302398569271
 2.32449115338482e-05
 3.141578611989366
 2.93440189441967


