# Created by Octave 4.2.2, Sun Dec 29 17:02:47 2019 UTC <jovyan@jupyter-tbondy760-2dsat-2dchirp-2dnotebooks-2dsutsh1gr>
# name: TestFreq
# type: matrix
# rows: 16
# columns: 1
 861
 862
 603
 863
 602
 864
 865
 601
 866
 600
 867
 868
 599
 869
 598
 870


