# Created by Octave 4.2.2, Tue Dec 31 23:27:55 2019 UTC <jovyan@jupyter-tbondy760-2dsat-2dchirp-2dnotebooks-2djvnhni2t>
# name: TestPhi
# type: matrix
# rows: 16
# columns: 1
 1.038895009421639e-05
 0.6027823245740614
 3.141469106977849
 2.900157387675905
 3.141561144731264
 3.141591124333155
 0.7576740528010771
 3.141541068047237
 3.522143153533552e-05
 3.141581292229282
 3.141586967202402
 3.141590325045082
 0.0007675185500658502
 3.141564968349456
 8.997573512078958e-05
 0.03147927057302051


