# Created by Octave 4.2.2, Wed Jan 01 15:18:56 2020 UTC <jovyan@jupyter-tbondy760-2dsat-2dchirp-2dnotebooks-2d6ayl3l3y>
# name: TestFreq
# type: matrix
# rows: 16
# columns: 1
 1977
 263
 1978
 1979
 1980
 1981
 1982
 1983
 1984
 262
 1985
 1986
 1987
 1988
 1989
 1990


