# Created by Octave 4.2.2, Mon Dec 30 23:28:00 2019 UTC <jovyan@jupyter-tbondy760-2dsat-2dchirp-2dnotebooks-2d711woxjv>
# name: TestFreq
# type: matrix
# rows: 16
# columns: 1
 1226
 424
 1227
 1228
 1229
 423
 1230
 1231
 1232
 422
 1233
 1234
 1235
 421
 1236
 1237


