# Created by Octave 4.2.2, Tue Dec 31 23:14:30 2019 UTC <jovyan@jupyter-tbondy760-2dsat-2dchirp-2dnotebooks-2djvnhni2t>
# name: TestPhi
# type: matrix
# rows: 16
# columns: 1
 3.112345302888659
 6.330725629490672e-05
 5.068627944518831e-06
 2.507161068517823
 3.141575151063821
 0.000179524851771819
 0.0001127453809769221
 3.141517486544528
 9.642020619263275e-06
 3.141569967088325
 3.141548018128035
 3.099778045659185
 3.141585048631745
 3.802122059217688e-06
 6.635522834564231e-06
 3.141585885330425


