# Created by Octave 4.2.2, Tue Dec 31 04:45:36 2019 UTC <jovyan@jupyter-tbondy760-2dsat-2dchirp-2dnotebooks-2dn9416dzm>
# name: TestPhi
# type: matrix
# rows: 16
# columns: 1
 2.614751428687302e-05
 3.141560487525481
 7.667963105976172e-06
 0.07866561997534009
 3.14152813637334
 0.0001821541292194521
 3.141584194137204
 3.141284309817571
 0.0006840743977568422
 6.376444586850377e-06
 4.227095381522747e-06
 0.0002520797857715782
 2.989831767068786
 3.141567560554129
 3.141581876875311
 3.14149853083486


