# Created by Octave 4.2.2, Tue Dec 31 15:18:19 2019 UTC <jovyan@jupyter-tbondy760-2dsat-2dchirp-2dnotebooks-2d0ks6opua>
# name: TestFreq
# type: matrix
# rows: 16
# columns: 1
 372
 1398
 1399
 1400
 1401
 371
 1402
 1403
 1404
 1405
 370
 1406
 1407
 1408
 1409
 369


