# Created by Octave 4.2.2, Wed Jan 01 14:33:14 2020 UTC <jovyan@jupyter-tbondy760-2dsat-2dchirp-2dnotebooks-2d6ayl3l3y>
# name: TestPhi
# type: matrix
# rows: 16
# columns: 1
 5.568398163704621e-06
 1.432646595145287e-05
 3.1415562223507
 3.533965551078628e-05
 2.358108764153056e-05
 3.141582250112066
 1.639186495747688e-05
 2.181174165199534
 3.141587796566693
 3.141439058300006
 3.141568431313972
 3.141576883964921
 2.785003948588175e-06
 3.14154306879601
 3.141583958812161
 3.141588518308876


