# Created by Octave 4.2.2, Sun Dec 29 18:41:11 2019 UTC <jovyan@jupyter-tbondy760-2dsat-2dchirp-2dnotebooks-2dsutsh1gr>
# name: TestFreq
# type: matrix
# rows: 16
# columns: 1
 919
 920
 565
 921
 564
 922
 923
 563
 924
 925
 562
 926
 561
 927
 928
 560


