# Created by Octave 4.2.2, Wed Jan 01 12:47:04 2020 UTC <jovyan@jupyter-tbondy760-2dsat-2dchirp-2dnotebooks-2d6ayl3l3y>
# name: TestPhi
# type: matrix
# rows: 16
# columns: 1
 7.354414241193209e-05
 1.135161334746715e-05
 3.141589742806807
 3.141585025559162
 4.376946080583441e-05
 7.573590438264262e-05
 3.141575402821538
 1.267180213695176e-06
 3.141561688961811
 3.141580299216104
 3.141562818508507
 3.141580492529756
 3.141590930724573
 2.860790609894857e-05
 2.631938419459044e-05
 3.445733803619626e-06


