# Created by Octave 4.2.2, Mon Dec 30 23:28:00 2019 UTC <jovyan@jupyter-tbondy760-2dsat-2dchirp-2dnotebooks-2d711woxjv>
# name: TestPhi
# type: matrix
# rows: 16
# columns: 1
 0.159052677512433
 3.141587763038897
 3.829732527622172e-06
 2.31209406816032
 3.141585135592164
 0.009887756140872891
 2.993723491468498
 3.141588015890247
 0.002518142518923602
 1.609542103260452e-05
 3.141581074725246
 0.0003060931476718474
 4.884920172471764e-06
 2.257156753131609
 3.596461696302975e-05
 3.141592425057283


