# Created by Octave 4.2.2, Sun Dec 29 18:41:11 2019 UTC <jovyan@jupyter-tbondy760-2dsat-2dchirp-2dnotebooks-2dsutsh1gr>
# name: TestPhi
# type: matrix
# rows: 16
# columns: 1
 0.001777736828662281
 2.176008316885274e-06
 3.141574204851857
 3.14158795731378
 3.141386738641916
 3.141557613409377
 3.137389824010426
 0.001747278406445354
 0.4546275920413674
 3.056887720463419
 8.625235426331993e-06
 4.021562619505408e-06
 8.993333856228526e-05
 3.141562152231917
 1.625412267645978e-05
 2.422541306910514


