# Created by Octave 4.2.2, Tue Dec 31 15:35:11 2019 UTC <jovyan@jupyter-tbondy760-2dsat-2dchirp-2dnotebooks-2d0ks6opua>
# name: TestPhi
# type: matrix
# rows: 16
# columns: 1
 3.141569790181349
 3.141579299695932
 4.552379806019769e-05
 2.307060359347269
 3.598725482602816e-05
 3.141583133931771
 0.1192570009818854
 3.141578384946766
 3.139621255936893
 0.002274687584916855
 3.141571334358237
 4.699190450164408e-06
 1.909695408979537e-05
 3.468053683272819e-05
 2.929160571819229e-07
 6.368832357065745e-05


