# Created by Octave 4.2.2, Tue Dec 31 16:08:18 2019 UTC <jovyan@jupyter-tbondy760-2dsat-2dchirp-2dnotebooks-2d0ks6opua>
# name: TestFreq
# type: matrix
# rows: 16
# columns: 1
 1436
 362
 1437
 1438
 1439
 1440
 361
 1441
 1442
 1443
 1444
 360
 1445
 1446
 1447
 1448


