# Created by Octave 4.2.2, Tue Dec 31 13:15:58 2019 UTC <jovyan@jupyter-tbondy760-2dsat-2dchirp-2dnotebooks-2d0ks6opua>
# name: TestFreq
# type: matrix
# rows: 16
# columns: 1
 1360
 1361
 382
 1362
 1363
 1364
 381
 1365
 1366
 1367
 1368
 380
 1369
 1370
 1371
 1372


