# Created by Octave 4.2.2, Wed Jan 01 21:12:24 2020 UTC <terry@0e81b2fcffed>
# name: TestPhi
# type: matrix
# rows: 16
# columns: 1
 3.141588651926233
 3.141491494596435
 3.141588476848534
 2.823516516194565
 2.100978064938341e-05
 3.141569426743841
 6.657284797081264e-05
 9.145817522839158e-06
 2.892329294500135
 1.07963500711816e-05
 0.7606962859745445
 0.5249142302082055
 4.514504790662213e-05
 3.209242904775852e-05
 2.83163303744575
 3.141592595075022


