# Created by Octave 4.2.2, Tue Dec 31 01:42:26 2019 UTC <jovyan@jupyter-tbondy760-2dsat-2dchirp-2dnotebooks-2dn9416dzm>
# name: TestFreq
# type: matrix
# rows: 16
# columns: 1
 1238
 420
 1239
 1240
 1241
 419
 1242
 1243
 1244
 418
 1245
 1246
 1247
 417
 1248
 1249


