# Created by Octave 4.2.2, Mon Dec 30 14:59:46 2019 UTC <jovyan@jupyter-tbondy760-2dsat-2dchirp-2dnotebooks-2dq5x0vs75>
# name: TestFreq
# type: matrix
# rows: 16
# columns: 1
 478
 1088
 1089
 1090
 477
 1091
 1092
 476
 1093
 1094
 475
 1095
 1096
 1097
 474
 1098


