# Created by Octave 4.2.2, Wed Jan 01 03:29:25 2020 UTC <jovyan@jupyter-tbondy760-2dsat-2dchirp-2dnotebooks-2dvlnnmzmb>
# name: TestPhi
# type: matrix
# rows: 16
# columns: 1
 1.988907446860514e-05
 3.14157965460136
 3.141566564335931
 3.14154700582806
 3.14159216639776
 3.141590142696206
 6.917745317545516e-06
 3.141580435060687
 1.937714724915503e-05
 5.057472676534211e-06
 3.141525497578144
 8.947517017669583e-06
 2.718280488859032e-05
 3.141547924181
 7.996776528968857e-05
 3.396483005557491e-05


