# Created by Octave 4.2.2, Sun Dec 29 12:41:10 2019 UTC <terry@b3ebbc4233f8>
# name: TestPhi
# type: matrix
# rows: 16
# columns: 1
 3.141298926723714
 3.141499365422646
 0.01847568556020261
 0.1167588068177539
 3.126531631535465
 3.141514275211994
 0.6068662920713718
 0.1552945304423569
 1.26429625265625
 3.141475430250595
 3.141588472501717
 3.135879291541966
 6.494416872322047e-05
 0.3481939408470907
 6.005341943852687e-05
 0.05967704645529655


