# Created by Octave 4.2.2, Mon Dec 30 13:35:24 2019 UTC <jovyan@jupyter-tbondy760-2dsat-2dchirp-2dnotebooks-2dq5x0vs75>
# name: TestFreq
# type: matrix
# rows: 16
# columns: 1
 1033
 503
 1034
 1035
 502
 1036
 1037
 501
 1038
 1039
 1040
 500
 1041
 1042
 499
 1043


