# Created by Octave 4.2.2, Wed Jan 01 16:51:04 2020 UTC <terry@0e81b2fcffed>
# name: TestFreq
# type: matrix
# rows: 16
# columns: 1
 254
 2048
 2049
 2050
 2051
 2052
 2053
 2054
 2055
 253
 2056
 2057
 2058
 2059
 2060
 2061


