# Created by Octave 4.2.2, Mon Dec 30 13:03:35 2019 UTC <jovyan@jupyter-tbondy760-2dsat-2dchirp-2dnotebooks-2dq5x0vs75>
# name: TestFreq
# type: matrix
# rows: 16
# columns: 1
 514
 1012
 1013
 513
 1014
 1015
 512
 1016
 1017
 511
 1018
 1019
 510
 1020
 1021
 509


