# Created by Octave 4.2.2, Sun Dec 29 13:10:02 2019 UTC <terry@b3ebbc4233f8>
# name: TestPhi
# type: matrix
# rows: 16
# columns: 1
 0.07550952654542015
 0.402938770059043
 3.141569375337957
 1.659913816231835
 3.140657322938682
 5.818506482514709e-05
 0.0001341075594367685
 3.029293417621548
 3.141585250079474
 7.977257878743528e-07
 3.141513163011566
 3.141570929085155
 3.141579936829099
 3.180941961523841e-05
 3.141447776965235
 4.334097560182741e-06


