# Created by Octave 4.2.2, Wed Jan 01 16:22:06 2020 UTC <terry@0e81b2fcffed>
# name: TestPhi
# type: matrix
# rows: 16
# columns: 1
 0.1507598018533852
 5.227109793583609e-05
 3.094042584232031e-05
 7.75304050825996e-06
 3.141527807220584
 1.229716928398835e-06
 4.990593511205737e-05
 3.141590965962795
 3.140911688159842
 3.141564184563555
 3.109714162418256
 3.141590107121759
 0.0002511212196622753
 4.144266453584979e-05
 2.8095566949119
 3.141586893752471


