# Created by Octave 4.2.2, Wed Jan 01 13:46:50 2020 UTC <jovyan@jupyter-tbondy760-2dsat-2dchirp-2dnotebooks-2d6ayl3l3y>
# name: TestFreq
# type: matrix
# rows: 16
# columns: 1
 1892
 1893
 1894
 1895
 1896
 1897
 274
 1898
 1899
 1900
 1901
 1902
 1903
 1904
 273
 1905


