# Created by Octave 4.2.2, Mon Dec 30 00:26:59 2019 UTC <jovyan@jupyter-tbondy760-2dsat-2dchirp-2dnotebooks-2dgh254e8d>
# name: TestFreq
# type: matrix
# rows: 16
# columns: 1
 949
 950
 547
 951
 952
 546
 953
 954
 545
 955
 544
 956
 957
 543
 958
 959


