# Created by Octave 4.2.2, Wed Jan 01 20:44:27 2020 UTC <terry@0e81b2fcffed>
# name: TestFreq
# type: matrix
# rows: 16
# columns: 1
 2292
 2293
 2294
 2295
 2296
 2297
 2298
 2299
 2300
 226
 2301
 2302
 2303
 2304
 2305
 2306


