# Created by Octave 4.2.2, Tue Dec 31 23:00:26 2019 UTC <jovyan@jupyter-tbondy760-2dsat-2dchirp-2dnotebooks-2djvnhni2t>
# name: TestFreq
# type: matrix
# rows: 16
# columns: 1
 1487
 1488
 1489
 349
 1490
 1491
 1492
 1493
 1494
 348
 1495
 1496
 1497
 1498
 347
 1499


