# Created by Octave 4.2.2, Thu Jan 02 01:26:14 2020 UTC <terry@0e81b2fcffed>
# name: TestPhi
# type: matrix
# rows: 16
# columns: 1
 3.141506845926921
 3.14155856645283
 5.38202270021907e-05
 0.000143141115887209
 3.141541929033322
 2.542323236456398
 3.141492819995075
 3.141490252069555
 3.612463108757226e-05
 3.14152845273317
 9.326093182663969e-06
 2.930055943348528
 3.141545431732448
 0.3819729333266588
 0.395130204358974
 3.141590006280007


