# Created by Octave 4.2.2, Mon Dec 30 16:07:45 2019 UTC <jovyan@jupyter-tbondy760-2dsat-2dchirp-2dnotebooks-2dq5x0vs75>
# name: TestPhi
# type: matrix
# rows: 16
# columns: 1
 3.14157631068388
 5.473932228812284e-06
 2.222696831654914e-05
 2.901443654174199
 3.14139402722418
 3.141575434848287
 3.14035143792308
 3.141447051535974
 3.141589247670854
 3.14158490062407
 2.990893244762815
 3.141591240908542
 3.141560267390456
 3.141556527737476
 3.14083080872527
 0.1116556483860377


