# Created by Octave 4.2.2, Wed Jan 01 05:49:20 2020 UTC <jovyan@jupyter-tbondy760-2dsat-2dchirp-2dnotebooks-2dvlnnmzmb>
# name: TestPhi
# type: matrix
# rows: 16
# columns: 1
 8.557071303207641e-06
 3.141565426784257
 2.016814888542939e-05
 0.3348260225672588
 8.764050489278209e-06
 1.173214042921054e-05
 4.637464198890061e-06
 3.141584528158924
 3.141537619657212
 2.799064205694775
 5.230257793758469e-05
 2.867544294434568e-06
 3.14159226956891
 3.023764158777172
 7.47720036364417e-06
 3.141411345181187


