# Created by Octave 4.2.2, Sun Dec 29 15:46:03 2019 UTC <jovyan@jupyter-tbondy760-2dsat-2dchirp-2dnotebooks-2dsutsh1gr>
# name: TestPhi
# type: matrix
# rows: 16
# columns: 1
 2.941086076479486
 3.14157269189387
 8.620830368452535e-06
 5.505451032739442e-05
 5.830421975875499e-05
 2.070476866622439
 0.004289091458701057
 3.141587556270515
 3.13677607282029
 0.4344345287386138
 0.3150677077647071
 3.139194025794873
 3.141513529059995
 0.0003489798553892316
 0.01161086945357558
 3.141553307998398


