# Created by Octave 4.2.2, Wed Jan 01 20:31:20 2020 UTC <terry@0e81b2fcffed>
# name: TestFreq
# type: matrix
# rows: 16
# columns: 1
 2278
 2279
 2280
 228
 2281
 2282
 2283
 2284
 2285
 2286
 2287
 2288
 2289
 2290
 227
 2291


