# Created by Octave 4.2.2, Sun Dec 29 17:19:25 2019 UTC <jovyan@jupyter-tbondy760-2dsat-2dchirp-2dnotebooks-2dsutsh1gr>
# name: TestFreq
# type: matrix
# rows: 16
# columns: 1
 871
 597
 872
 596
 873
 595
 874
 875
 594
 876
 593
 877
 878
 592
 879
 591


