# Created by Octave 4.2.2, Wed Jan 01 13:02:42 2020 UTC <jovyan@jupyter-tbondy760-2dsat-2dchirp-2dnotebooks-2d6ayl3l3y>
# name: TestFreq
# type: matrix
# rows: 16
# columns: 1
 281
 1851
 1852
 1853
 1854
 1855
 1856
 1857
 280
 1858
 1859
 1860
 1861
 1862
 1863
 279


