# Created by Octave 4.2.2, Sun Dec 29 12:55:37 2019 UTC <terry@b3ebbc4233f8>
# name: TestPhi
# type: matrix
# rows: 16
# columns: 1
 3.053036962764555
 3.13853273899647
 0.0002498794151691707
 2.521479347969564e-05
 3.135156315629219
 2.09140207340242
 0.004482816969907857
 3.137831335461732
 6.548425093496713e-05
 0.5347084652775179
 3.14154032806946
 3.141563299472034
 3.127366047552131
 0.2474971904496178
 0.00163298685744715
 0.1040131915187814


