# Created by Octave 4.2.2, Tue Dec 31 05:01:47 2019 UTC <jovyan@jupyter-tbondy760-2dsat-2dchirp-2dnotebooks-2dn9416dzm>
# name: TestPhi
# type: matrix
# rows: 16
# columns: 1
 6.317981240572672e-05
 3.975854357856922e-05
 9.911423969650464e-07
 3.141575876803233
 0.0002516398923909309
 3.141591914119393
 3.1414448828529
 2.83786130569277
 1.086022568278225e-05
 3.141532162594641
 7.510920047715326e-06
 0.0001243251852308016
 3.141567300121162
 0.2668009041925169
 3.141556870206457
 3.141585813829411


