# Created by Octave 4.2.2, Sun Dec 29 16:02:13 2019 UTC <jovyan@jupyter-tbondy760-2dsat-2dchirp-2dnotebooks-2dsutsh1gr>
# name: TestPhi
# type: matrix
# rows: 16
# columns: 1
 2.781789110527614e-05
 2.638326920639609
 3.141578424984756
 8.797387662950437e-06
 1.404756959313305e-05
 2.284611181082296
 3.141582079786504
 2.934163568854118
 1.617724253952196e-05
 3.138822209603433
 6.103650431675953e-05
 3.141571241833733
 3.141549417501256
 1.257806087455961e-05
 0.0001856977798398405
 3.141560101626252


