# Created by Octave 4.2.2, Mon Dec 30 11:07:27 2019 UTC <jovyan@jupyter-tbondy760-2dsat-2dchirp-2dnotebooks-2dq5x0vs75>
# name: TestFreq
# type: matrix
# rows: 16
# columns: 1
 980
 981
 530
 982
 529
 983
 984
 528
 985
 986
 527
 987
 988
 526
 989
 990


