# Created by Octave 4.2.2, Sun Dec 29 17:51:40 2019 UTC <jovyan@jupyter-tbondy760-2dsat-2dchirp-2dnotebooks-2dsutsh1gr>
# name: TestFreq
# type: matrix
# rows: 16
# columns: 1
 890
 584
 891
 583
 892
 893
 582
 894
 895
 581
 896
 580
 897
 898
 579
 899


