# Created by Octave 4.2.2, Wed Jan 01 17:31:56 2020 UTC <terry@0e81b2fcffed>
# name: TestFreq
# type: matrix
# rows: 16
# columns: 1
 2090
 2091
 2092
 2093
 2094
 2095
 2096
 248
 2097
 2098
 2099
 2100
 2101
 2102
 2103
 2104


