# Created by Octave 4.2.2, Wed Jan 01 03:46:00 2020 UTC <jovyan@jupyter-tbondy760-2dsat-2dchirp-2dnotebooks-2dvlnnmzmb>
# name: TestFreq
# type: matrix
# rows: 16
# columns: 1
 1619
 321
 1620
 1621
 1622
 1623
 1624
 1625
 320
 1626
 1627
 1628
 1629
 1630
 319
 1631


