# Created by Octave 4.2.2, Sun Dec 29 12:26:46 2019 UTC <terry@b3ebbc4233f8>
# name: TestPhi
# type: matrix
# rows: 16
# columns: 1
 8.08249369911617e-05
 3.141464620452855
 0.4438856191006538
 3.141409844315536
 1.362448259489695
 3.141403100302717
 3.112150459058205
 3.118918948915418
 4.672801099760736e-05
 0.1903803159329777
 4.284061703028302e-05
 3.140187424687793
 0.1395817819496517
 3.140973790540249
 6.744897576233474e-06
 2.892574447978574


