# Created by Octave 4.2.2, Wed Jan 01 23:45:56 2020 UTC <terry@0e81b2fcffed>
# name: TestFreq
# type: matrix
# rows: 16
# columns: 1
 2483
 2484
 2485
 2486
 2487
 2488
 209
 2489
 2490
 2491
 2492
 2493
 2494
 2495
 2496
 2497


