# Created by Octave 4.2.2, Wed Jan 01 18:14:13 2020 UTC <terry@0e81b2fcffed>
# name: TestPhi
# type: matrix
# rows: 16
# columns: 1
 3.14159138505329
 3.141569355799853
 3.141583505943967
 1.223963538767106e-05
 2.156235978743436e-05
 3.141589029730796
 2.182425843410489e-06
 2.556915970638594
 2.789394285023152e-06
 3.14156148979434
 3.141568695440863
 3.141561248644242
 3.141590802047883
 3.674210945744033e-07
 8.375799660080769e-05
 2.530567142086676e-06


