# Created by Octave 4.2.2, Mon Dec 30 22:22:03 2019 UTC <jovyan@jupyter-tbondy760-2dsat-2dchirp-2dnotebooks-2d711woxjv>
# name: TestFreq
# type: matrix
# rows: 16
# columns: 1
 1179
 441
 1180
 1181
 440
 1182
 1183
 1184
 439
 1185
 1186
 1187
 438
 1188
 1189
 437


