# Created by Octave 4.2.2, Wed Jan 01 19:50:38 2020 UTC <terry@0e81b2fcffed>
# name: TestFreq
# type: matrix
# rows: 16
# columns: 1
 2234
 2235
 2236
 2237
 2238
 2239
 2240
 2241
 232
 2242
 2243
 2244
 2245
 2246
 2247
 2248


