# Created by Octave 4.2.2, Wed Jan 01 04:33:16 2020 UTC <jovyan@jupyter-tbondy760-2dsat-2dchirp-2dnotebooks-2dvlnnmzmb>
# name: TestPhi
# type: matrix
# rows: 16
# columns: 1
 0.2195078971878968
 1.95838325286819e-05
 3.141576090194989
 1.579064343831806e-06
 4.397153908488827e-05
 0.1757989754337603
 1.330466184432193e-05
 3.141545719385415
 3.141589768435308
 0.2573808043029959
 0.5843888416854108
 3.141567139170911
 1.322086296204312e-06
 3.104796247781135
 0.0002066419964513532
 3.141585214139513


