# Created by Octave 4.2.2, Mon Dec 30 22:39:02 2019 UTC <jovyan@jupyter-tbondy760-2dsat-2dchirp-2dnotebooks-2d711woxjv>
# name: TestFreq
# type: matrix
# rows: 16
# columns: 1
 1190
 1191
 1192
 436
 1193
 1194
 1195
 435
 1196
 1197
 1198
 434
 1199
 1200
 433
 1201


