# Created by Octave 4.2.2, Mon Dec 30 13:53:33 2019 UTC <jovyan@jupyter-tbondy760-2dsat-2dchirp-2dnotebooks-2dq5x0vs75>
# name: TestFreq
# type: matrix
# rows: 16
# columns: 1
 1044
 498
 1045
 1046
 497
 1047
 1048
 496
 1049
 1050
 495
 1051
 1052
 494
 1053
 1054


