# Created by Octave 4.2.2, Sun Dec 29 11:26:56 2019 UTC <terry@b3ebbc4233f8>
# name: TestPhi
# type: matrix
# rows: 16
# columns: 1
 0.002875074532628496
 2.948490708102639
 2.542322262037414
 0.6771980903282795
 0.002160218692972343
 3.141522466058253
 3.140995760360763
 3.124874274774502
 2.69369939781076e-06
 0.5686402431896458
 2.641369312804544
 0.001349954658233467
 2.509593439090573
 3.140067778105073
 3.139976571382868
 2.697670742566514


