# Created by Octave 4.2.2, Wed Jan 01 21:53:45 2020 UTC <terry@0e81b2fcffed>
# name: TestFreq
# type: matrix
# rows: 16
# columns: 1
 2365
 2366
 2367
 2368
 2369
 2370
 2371
 2372
 2373
 2374
 219
 2375
 2376
 2377
 2378
 2379


