# Created by Octave 4.2.2, Mon Dec 30 12:16:56 2019 UTC <jovyan@jupyter-tbondy760-2dsat-2dchirp-2dnotebooks-2dq5x0vs75>
# name: TestFreq
# type: matrix
# rows: 16
# columns: 1
 1001
 519
 1002
 1003
 518
 1004
 1005
 517
 1006
 1007
 516
 1008
 1009
 515
 1010
 1011


