# Created by Octave 4.2.2, Tue Dec 31 15:01:26 2019 UTC <jovyan@jupyter-tbondy760-2dsat-2dchirp-2dnotebooks-2d0ks6opua>
# name: TestPhi
# type: matrix
# rows: 16
# columns: 1
 8.748607527512196e-06
 3.141579288952788
 6.193188158684071e-05
 3.141560185618617
 2.414909583154581e-06
 4.902158205875192e-08
 4.65876338854588e-05
 1.925034434500691e-05
 3.096000363325809e-05
 1.902270490751053e-05
 3.141573417059474
 3.141570356942641
 3.141590069731593
 1.586227023438996e-06
 3.141584936525197
 3.141575671932982


