# Created by Octave 4.2.2, Wed Jan 01 17:04:41 2020 UTC <terry@0e81b2fcffed>
# name: TestPhi
# type: matrix
# rows: 16
# columns: 1
 3.141580949143431
 3.141517831794167
 2.063226140604189
 3.141557037711809
 3.14157768218762
 5.483020139954232e-05
 3.141591176557072
 2.626860383837359e-05
 8.935390576665274e-06
 1.589016216013875e-05
 2.599196636094383e-05
 1.057471783056427
 3.141586516800816
 7.139468956371956e-05
 2.882438873252592e-05
 3.141557351199813


