# Created by Octave 4.2.2, Sun Dec 29 19:12:40 2019 UTC <jovyan@jupyter-tbondy760-2dsat-2dchirp-2dnotebooks-2dsutsh1gr>
# name: TestFreq
# type: matrix
# rows: 16
# columns: 1
 939
 940
 553
 941
 942
 552
 943
 551
 944
 945
 550
 946
 947
 549
 948
 548


