# Created by Octave 4.2.2, Tue Dec 31 11:47:23 2019 UTC <jovyan@jupyter-tbondy760-2dsat-2dchirp-2dnotebooks-2d0ks6opua>
# name: TestFreq
# type: matrix
# rows: 16
# columns: 1
 386
 1348
 1349
 1350
 385
 1351
 1352
 1353
 1354
 384
 1355
 1356
 1357
 383
 1358
 1359


