# Created by Octave 4.2.2, Mon Dec 30 12:16:56 2019 UTC <jovyan@jupyter-tbondy760-2dsat-2dchirp-2dnotebooks-2dq5x0vs75>
# name: TestPhi
# type: matrix
# rows: 16
# columns: 1
 2.533547244014158
 3.107712564177048
 1.535136104132199e-05
 3.021151358579067e-05
 3.442501438398017e-05
 0.313663312381919
 3.141591705514319
 1.460051578217484e-05
 0.7045754131301981
 3.073710143265315
 3.133895042951599
 8.700754394574571e-05
 4.200671881219911e-05
 0.0001720177759029621
 3.11546348146537
 3.141488852435721


