# Created by Octave 4.2.2, Mon Dec 30 19:09:24 2019 UTC <jovyan@jupyter-tbondy760-2dsat-2dchirp-2dnotebooks-2d711woxjv>
# name: TestPhi
# type: matrix
# rows: 16
# columns: 1
 3.141570650253034
 3.141589313848415
 3.141499672153492
 3.102443298296854e-05
 0.1520252022399164
 3.141583088274772
 1.354945369216689e-05
 3.141572491694668
 0.5229767460632766
 0.4779990476384318
 3.14157839106015
 6.143481926233766e-07
 1.670147896536126e-05
 3.110036196144562
 3.141585394368163
 1.159913509975897e-05


