# Created by Octave 4.2.2, Wed Jan 01 17:46:21 2020 UTC <terry@0e81b2fcffed>
# name: TestFreq
# type: matrix
# rows: 16
# columns: 1
 2105
 247
 2106
 2107
 2108
 2109
 2110
 2111
 2112
 2113
 246
 2114
 2115
 2116
 2117
 2118


