# Created by Octave 4.2.2, Wed Jan 01 05:03:14 2020 UTC <jovyan@jupyter-tbondy760-2dsat-2dchirp-2dnotebooks-2dvlnnmzmb>
# name: TestFreq
# type: matrix
# rows: 16
# columns: 1
 1659
 1660
 1661
 313
 1662
 1663
 1664
 1665
 1666
 312
 1667
 1668
 1669
 1670
 1671
 1672


