# Created by Octave 4.2.2, Sun Dec 29 11:58:20 2019 UTC <terry@b3ebbc4233f8>
# name: TestPhi
# type: matrix
# rows: 16
# columns: 1
 3.141591314263188
 2.492873025798122
 3.141533862885606
 2.806956777217254e-06
 0.4658665284443079
 3.141578433204855
 2.694983653828395
 3.141545912677268
 0.0003127664302226392
 3.141576963015506
 0.0001257478208581271
 3.141586213574103
 0.3135847505940411
 5.371550509920581e-05
 3.138094332815418
 3.757189383046956e-05


