# Created by Octave 4.2.2, Mon Dec 30 22:55:11 2019 UTC <jovyan@jupyter-tbondy760-2dsat-2dchirp-2dnotebooks-2d711woxjv>
# name: TestFreq
# type: matrix
# rows: 16
# columns: 1
 1202
 1203
 432
 1204
 1205
 1206
 431
 1207
 1208
 1209
 430
 1210
 1211
 1212
 429
 1213


