# Created by Octave 4.2.2, Wed Jan 01 13:32:23 2020 UTC <jovyan@jupyter-tbondy760-2dsat-2dchirp-2dnotebooks-2d6ayl3l3y>
# name: TestPhi
# type: matrix
# rows: 16
# columns: 1
 3.141591729837204
 0.3715478465665668
 3.131239585198117
 0.6921087971921486
 3.141551134965618
 3.072592414295948e-05
 3.067064901777272
 0.09121957864589851
 3.141592420280642
 0.06448181847258388
 2.392420526289121e-05
 3.141568578878458
 2.891511997064455
 0.01119978075989971
 3.141476316792478
 0.0001735449569125003


