# Created by Octave 4.2.2, Wed Jan 01 03:46:00 2020 UTC <jovyan@jupyter-tbondy760-2dsat-2dchirp-2dnotebooks-2dvlnnmzmb>
# name: TestPhi
# type: matrix
# rows: 16
# columns: 1
 1.399923479575366e-05
 2.497477272980276
 3.141401046109579
 1.102635866770655e-05
 1.833361479464263e-05
 3.141585465200454
 3.141558233776967
 0.000133719910614871
 3.141584331859294
 3.141591070065397
 2.921769716062089
 3.923765511041136e-06
 2.566239101755536
 3.141578893790991
 0.000576826007968081
 1.179287309317771e-05


