# Created by Octave 4.2.2, Mon Dec 30 00:26:59 2019 UTC <jovyan@jupyter-tbondy760-2dsat-2dchirp-2dnotebooks-2dgh254e8d>
# name: TestPhi
# type: matrix
# rows: 16
# columns: 1
 3.141578361547176
 1.502329385567244e-05
 3.141592535971508
 3.140529428077652
 0.126803701877854
 3.662051169909203e-06
 0.3187575250990782
 4.651851676773148e-06
 1.292364599391125e-06
 1.400924244475078e-05
 3.103023636990801
 3.141560552891412
 0.1054803098307272
 0.0007606623913563909
 3.141391539802199
 3.141419993912776


