# Created by Octave 4.2.2, Mon Dec 30 12:01:06 2019 UTC <jovyan@jupyter-tbondy760-2dsat-2dchirp-2dnotebooks-2dq5x0vs75>
# name: TestFreq
# type: matrix
# rows: 16
# columns: 1
 525
 991
 992
 524
 993
 994
 523
 995
 996
 522
 997
 998
 521
 999
 1000
 520


