# Created by Octave 4.2.2, Tue Dec 31 05:34:43 2019 UTC <jovyan@jupyter-tbondy760-2dsat-2dchirp-2dnotebooks-2dn9416dzm>
# name: TestPhi
# type: matrix
# rows: 16
# columns: 1
 2.808176309015751e-06
 1.389312642545035e-05
 3.141587995436217
 3.141558268147019
 3.141529898262404
 3.141584685849726
 3.141592493034878
 4.780414651028798e-05
 6.292391127223654e-06
 7.034457885386346e-06
 3.141572854931285
 7.656157462639006e-06
 3.141521627347953
 4.10440033606784e-05
 3.14157078599868
 3.141556937393232


