# Created by Octave 4.2.2, Tue Dec 31 13:33:48 2019 UTC <jovyan@jupyter-tbondy760-2dsat-2dchirp-2dnotebooks-2d0ks6opua>
# name: TestPhi
# type: matrix
# rows: 16
# columns: 1
 2.882013580399751
 3.141580224879251
 0.1624256856467048
 0.0002881101034552986
 3.141580333566799
 3.141578110746176
 3.141584162999354
 3.042380866446367
 3.430629631834125e-05
 2.310954463165112
 3.141578043909474
 1.009594675772296e-05
 2.627871578739105
 4.415343075836983e-06
 2.075091024165022e-06
 3.141581270111786


