# Created by Octave 4.2.2, Wed Jan 01 20:58:22 2020 UTC <terry@0e81b2fcffed>
# name: TestPhi
# type: matrix
# rows: 16
# columns: 1
 3.141457343747903
 2.486518850257959e-06
 3.141501622967317
 6.546629720241825e-05
 3.1415693574421
 2.886722209934739
 3.169781783077529e-06
 3.141591365832025
 3.141576065593735
 4.921626945757037e-05
 1.663026387567155e-05
 3.141527685187019
 3.141576550851842
 2.969557280446192
 1.095217184705852e-05
 3.99342150578348e-05


