# Created by Octave 4.2.2, Wed Jan 01 06:19:26 2020 UTC <jovyan@jupyter-tbondy760-2dsat-2dchirp-2dnotebooks-2dvlnnmzmb>
# name: TestFreq
# type: matrix
# rows: 16
# columns: 1
 1727
 301
 1728
 1729
 1730
 1731
 1732
 1733
 300
 1734
 1735
 1736
 1737
 1738
 1739
 299


