# Created by Octave 4.2.2, Wed Jan 01 12:47:04 2020 UTC <jovyan@jupyter-tbondy760-2dsat-2dchirp-2dnotebooks-2d6ayl3l3y>
# name: TestFreq
# type: matrix
# rows: 16
# columns: 1
 1837
 283
 1838
 1839
 1840
 1841
 1842
 1843
 282
 1844
 1845
 1846
 1847
 1848
 1849
 1850


