# Created by Octave 4.2.2, Sun Dec 29 13:10:02 2019 UTC <terry@b3ebbc4233f8>
# name: TestFreq
# type: matrix
# rows: 16
# columns: 1
 789
 659
 790
 658
 791
 657
 792
 656
 793
 655
 794
 795
 654
 796
 653
 797


