# Created by Octave 4.2.2, Tue Dec 31 11:47:23 2019 UTC <jovyan@jupyter-tbondy760-2dsat-2dchirp-2dnotebooks-2d0ks6opua>
# name: TestPhi
# type: matrix
# rows: 16
# columns: 1
 2.775447431412846
 8.084965414372857e-06
 0.001709666127366334
 4.502746858439114e-05
 3.141544305774967
 3.141506819536857
 0.0001654680301709904
 0.0007785603592066327
 3.141571790384999
 2.853007048440617e-05
 3.141588838606692
 8.857048069224496e-05
 3.141572872294843
 0.2584111871107117
 3.141400159999263
 3.141189412485251


