# Created by Octave 4.2.2, Sun Dec 29 11:58:20 2019 UTC <terry@b3ebbc4233f8>
# name: TestFreq
# type: matrix
# rows: 16
# columns: 1
 697
 747
 696
 748
 695
 749
 694
 750
 693
 751
 692
 752
 691
 753
 690
 754


