# Created by Octave 4.2.2, Wed Jan 01 00:25:23 2020 UTC <jovyan@jupyter-tbondy760-2dsat-2dchirp-2dnotebooks-2djvnhni2t>
# name: TestPhi
# type: matrix
# rows: 16
# columns: 1
 3.141592578652118
 1.712447890033149e-05
 2.043951723738815e-05
 0.7798467906282014
 0.006160348593817815
 3.141574968166248
 3.141589202820544
 3.141578233085145
 3.141582691401967
 7.747398336570208e-06
 3.141564283595369
 2.53527852603718
 3.122675205200875
 0.0002618577041351813
 3.141582070242684
 1.709911004963308e-05


