# Created by Octave 4.2.2, Wed Jan 01 02:34:50 2020 UTC <jovyan@jupyter-tbondy760-2dsat-2dchirp-2dnotebooks-2dvlnnmzmb>
# name: TestPhi
# type: matrix
# rows: 16
# columns: 1
 5.492513970459232e-05
 3.141586990995209
 3.14155183981666
 3.141541568814355
 8.867146255833709e-06
 3.101322978822627
 3.136374005666219
 1.82332587297677e-05
 8.255114618326505e-05
 3.141543112526652
 3.141578239957383
 5.157366881916772e-06
 2.35284513631501e-05
 0.02157668662389766
 3.141298601048871
 2.629606193403464


