# Created by Octave 4.2.2, Tue Dec 31 23:00:26 2019 UTC <jovyan@jupyter-tbondy760-2dsat-2dchirp-2dnotebooks-2djvnhni2t>
# name: TestPhi
# type: matrix
# rows: 16
# columns: 1
 3.141551867512239
 2.124836246965069e-05
 3.141568654510379
 2.52683148533165
 3.594553963920789e-07
 3.141572904044936
 3.141582511302845
 9.241055625306888e-05
 3.141550296867773
 2.933890696400674
 3.141574066277817
 3.141575796035601
 2.634666888154336e-05
 3.141553031546893
 3.141560840838621
 9.204537357585392e-06


