# Created by Octave 4.2.2, Wed Jan 01 12:31:21 2020 UTC <jovyan@jupyter-tbondy760-2dsat-2dchirp-2dnotebooks-2d6ayl3l3y>
# name: TestPhi
# type: matrix
# rows: 16
# columns: 1
 4.6646835842765e-06
 2.657365115600391e-05
 0.9054619683942965
 0.3083919410873835
 3.141548141357191
 3.141576144599232
 3.141551829528884
 2.905673481158803e-05
 3.354290644138712e-05
 7.440323158108779e-06
 3.14150088254192
 3.141422929932338
 8.291706428360816e-05
 0.0001179038761581007
 3.313251573282862e-05
 3.141566613174675


