# Created by Octave 4.2.2, Wed Jan 01 20:17:46 2020 UTC <terry@0e81b2fcffed>
# name: TestPhi
# type: matrix
# rows: 16
# columns: 1
 2.516940171702674e-05
 1.186900370736989e-05
 2.788788015685041e-06
 3.141555614482839
 2.345271628942408
 1.754400207695309
 3.133964797609326
 0.0016117381808548
 1.470662874437075
 1.454109354942502e-05
 3.141575119584449
 8.978641927986859e-06
 3.141582030349193
 3.141488548599488
 4.69105393601602e-05
 3.099445611775252


