# Created by Octave 4.2.2, Sun Dec 29 13:38:20 2019 UTC <terry@b3ebbc4233f8>
# name: TestPhi
# type: matrix
# rows: 16
# columns: 1
 3.141542030602607
 3.141584851917969
 3.141536200668326
 9.589030854999413e-05
 3.141431166131869
 5.019434934516791e-05
 0.4864190728371105
 7.382071741593777e-06
 0.0001177244855805057
 2.95507992869484
 3.141585080534378
 0.03388317219904596
 3.141200820201102
 0.06383901180740909
 3.019225473791797
 5.675693544070944e-06


