# Created by Octave 4.2.2, Tue Dec 31 13:15:58 2019 UTC <jovyan@jupyter-tbondy760-2dsat-2dchirp-2dnotebooks-2d0ks6opua>
# name: TestPhi
# type: matrix
# rows: 16
# columns: 1
 3.135990322614871e-05
 0.0003201886055922851
 3.141472449943755
 3.174290332640357e-05
 4.994088808442622e-06
 3.116118949557891
 1.063816474932834
 3.141550328142819
 3.141551153450062
 0.04786893275109114
 9.75974749809042e-05
 9.08988747935767e-06
 3.141511742912575
 2.997887718760671
 3.141570114904991
 1.78464881460361e-05


