# Created by Octave 4.2.2, Wed Jan 01 14:18:23 2020 UTC <jovyan@jupyter-tbondy760-2dsat-2dchirp-2dnotebooks-2d6ayl3l3y>
# name: TestPhi
# type: matrix
# rows: 16
# columns: 1
 8.999372347498164e-05
 2.184898574194421e-05
 3.096367283485359
 3.141590089920527
 3.141584067918816
 0.04849106064176658
 1.104013258414444e-05
 3.141587453904276
 6.381292814144988e-05
 3.069206706395512
 3.141568498591397
 3.14148901758552
 8.036816016737395e-05
 1.528468769390631e-06
 7.347745939321355e-05
 2.538812520502759


