# Created by Octave 4.2.2, Tue Dec 31 21:53:42 2019 UTC <jovyan@jupyter-tbondy760-2dsat-2dchirp-2dnotebooks-2djvnhni2t>
# name: TestFreq
# type: matrix
# rows: 16
# columns: 1
 1474
 1475
 1476
 1477
 352
 1478
 1479
 1480
 1481
 351
 1482
 1483
 1484
 1485
 350
 1486


