# Created by Octave 4.2.2, Tue Dec 31 20:32:31 2019 UTC <jovyan@jupyter-tbondy760-2dsat-2dchirp-2dnotebooks-2djvnhni2t>
# name: TestPhi
# type: matrix
# rows: 16
# columns: 1
 3.141580884168771
 3.141522251637724
 1.07301839919579e-06
 3.120818135171287
 3.141572526244071
 2.612725649369047
 2.716381916895975e-05
 0.0002476784706183729
 3.141437191711847
 1.38834427455759e-05
 2.486321045112788
 6.765116091952837e-07
 3.01461896344051
 3.141574035239323
 3.141478248709205
 3.177142582364029e-05


