# Created by Octave 4.2.2, Mon Dec 30 14:42:50 2019 UTC <jovyan@jupyter-tbondy760-2dsat-2dchirp-2dnotebooks-2dq5x0vs75>
# name: TestPhi
# type: matrix
# rows: 16
# columns: 1
 0.3614333855260906
 2.645147171100361e-06
 3.135552761395109
 3.141592439398359
 0.0001946916123154022
 3.141578289229486
 0.4904724081114404
 3.141556028709954
 3.141584731502495
 3.141590046572448
 2.886056372038629
 2.870379904685956
 1.713472593349034e-05
 3.141562654509332
 3.141582295227721
 3.025082752022469


