# Created by Octave 4.2.2, Wed Jan 01 21:26:14 2020 UTC <terry@0e81b2fcffed>
# name: TestPhi
# type: matrix
# rows: 16
# columns: 1
 1.226492936920311e-05
 2.035587198065864e-06
 3.141590140541755
 3.141579765251216
 3.141517190259996
 3.14159205191699
 1.905061051880557e-05
 3.141592290318615
 5.902913540846701e-06
 3.14157390335246
 2.591451388926121e-05
 1.425637295503753e-05
 3.141562518638811
 3.990619116051048e-05
 3.141521582470534
 3.141538611639261


