# Created by Octave 4.2.2, Wed Jan 01 05:49:20 2020 UTC <jovyan@jupyter-tbondy760-2dsat-2dchirp-2dnotebooks-2dvlnnmzmb>
# name: TestFreq
# type: matrix
# rows: 16
# columns: 1
 306
 1700
 1701
 1702
 1703
 1704
 305
 1705
 1706
 1707
 1708
 1709
 1710
 304
 1711
 1712


