# Created by Octave 4.2.2, Wed Jan 01 15:02:41 2020 UTC <jovyan@jupyter-tbondy760-2dsat-2dchirp-2dnotebooks-2d6ayl3l3y>
# name: TestPhi
# type: matrix
# rows: 16
# columns: 1
 3.141528752299397
 4.352278626369959e-05
 6.036805079177208e-05
 1.17729668492512e-05
 3.141552953697461
 2.706938639990533e-06
 3.141544698893468
 3.14157850669222
 5.410886481320734e-05
 3.141579001403787
 3.141536469764476
 1.975839792778097e-05
 3.141588639448226
 6.816700926065298e-05
 3.141567674415837
 4.31215705889612e-05


