# Created by Octave 4.2.2, Wed Jan 01 05:18:36 2020 UTC <jovyan@jupyter-tbondy760-2dsat-2dchirp-2dnotebooks-2dvlnnmzmb>
# name: TestFreq
# type: matrix
# rows: 16
# columns: 1
 311
 1673
 1674
 1675
 1676
 1677
 310
 1678
 1679
 1680
 1681
 1682
 309
 1683
 1684
 1685


