# Created by Octave 4.2.2, Wed Jan 01 16:36:30 2020 UTC <terry@0e81b2fcffed>
# name: TestPhi
# type: matrix
# rows: 16
# columns: 1
 3.141576499396082
 2.350615277504254
 0.2240330713053239
 3.141559711682523
 0.007856892987586907
 0.03865310800138636
 3.141583008440694
 8.564411638724208e-05
 3.141577509070648
 0.0001178917657108632
 3.338963292273122e-05
 2.138694979216021e-05
 2.977460871052851
 8.806077035166765e-05
 4.302529376684877e-06
 3.141574277622572


