# Created by Octave 4.2.2, Wed Jan 01 14:02:22 2020 UTC <jovyan@jupyter-tbondy760-2dsat-2dchirp-2dnotebooks-2d6ayl3l3y>
# name: TestFreq
# type: matrix
# rows: 16
# columns: 1
 1906
 1907
 1908
 1909
 1910
 1911
 272
 1912
 1913
 1914
 1915
 1916
 1917
 1918
 271
 1919


