# Created by Octave 4.2.2, Wed Jan 01 06:34:21 2020 UTC <jovyan@jupyter-tbondy760-2dsat-2dchirp-2dnotebooks-2dvlnnmzmb>
# name: TestPhi
# type: matrix
# rows: 16
# columns: 1
 3.041319938465821e-05
 1.658064448361849e-05
 7.286917968104851e-05
 5.62627976609903e-06
 3.140586106141467
 2.188822021704449e-06
 3.141563722993036
 0.6788018362453959
 3.141540752153034
 0.1399283259960717
 3.141576418901619
 2.534334447140389
 5.837075936087305e-06
 1.40184654688042e-05
 3.141542372036905
 0.0001810336030458843


