# Created by Octave 4.2.2, Sun Dec 29 17:02:47 2019 UTC <jovyan@jupyter-tbondy760-2dsat-2dchirp-2dnotebooks-2dsutsh1gr>
# name: TestPhi
# type: matrix
# rows: 16
# columns: 1
 2.970818463474895
 3.141341368053798
 3.141557758935377
 3.141496510125663
 3.118251781195973
 3.141361852118226
 2.779381633095781
 0.3501785128175077
 4.682080306238646e-05
 4.217412934251992e-05
 0.3146358111638457
 8.80101029219708e-05
 0.09388813491591362
 1.66737117303999e-05
 3.141554952030224
 0.01161006450871185


