# Created by Octave 4.2.2, Sun Dec 29 13:38:20 2019 UTC <terry@b3ebbc4233f8>
# name: TestFreq
# type: matrix
# rows: 16
# columns: 1
 645
 807
 644
 808
 643
 809
 642
 810
 811
 641
 812
 640
 813
 639
 814
 815


