# Created by Octave 4.2.2, Wed Jan 01 00:39:43 2020 UTC <jovyan@jupyter-tbondy760-2dsat-2dchirp-2dnotebooks-2djvnhni2t>
# name: TestFreq
# type: matrix
# rows: 16
# columns: 1
 1579
 1580
 329
 1581
 1582
 1583
 1584
 1585
 328
 1586
 1587
 1588
 1589
 1590
 327
 1591


