# Created by Octave 4.2.2, Wed Jan 01 14:48:14 2020 UTC <jovyan@jupyter-tbondy760-2dsat-2dchirp-2dnotebooks-2d6ayl3l3y>
# name: TestFreq
# type: matrix
# rows: 16
# columns: 1
 1948
 1949
 1950
 1951
 1952
 1953
 1954
 266
 1955
 1956
 1957
 1958
 1959
 1960
 1961
 1962


