# Created by Octave 4.2.2, Tue Dec 31 15:01:26 2019 UTC <jovyan@jupyter-tbondy760-2dsat-2dchirp-2dnotebooks-2d0ks6opua>
# name: TestFreq
# type: matrix
# rows: 16
# columns: 1
 1385
 1386
 375
 1387
 1388
 1389
 1390
 374
 1391
 1392
 1393
 1394
 373
 1395
 1396
 1397


