# Created by Octave 4.2.2, Sun Dec 29 17:19:25 2019 UTC <jovyan@jupyter-tbondy760-2dsat-2dchirp-2dnotebooks-2dsutsh1gr>
# name: TestPhi
# type: matrix
# rows: 16
# columns: 1
 3.141353608042955
 3.938499813739745e-06
 6.027790416177855e-05
 3.141588384180221
 0.0002324642781705775
 3.139379512251415
 1.427188151703276e-05
 3.141544480549412
 2.371021493232696
 3.140779700611366
 2.625664138149086
 0.001543384674880066
 2.702452154603284
 3.413840948023751e-06
 3.141591721593194
 0.002161470891582101


