# Created by Octave 4.2.2, Tue Dec 31 05:18:47 2019 UTC <jovyan@jupyter-tbondy760-2dsat-2dchirp-2dnotebooks-2dn9416dzm>
# name: TestFreq
# type: matrix
# rows: 16
# columns: 1
 1298
 1299
 1300
 400
 1301
 1302
 1303
 399
 1304
 1305
 1306
 398
 1307
 1308
 1309
 397


