# Created by Octave 4.2.2, Sun Dec 29 13:53:17 2019 UTC <terry@b3ebbc4233f8>
# name: TestFreq
# type: matrix
# rows: 16
# columns: 1
 638
 816
 637
 817
 636
 818
 635
 819
 820
 634
 821
 633
 822
 632
 823
 824


