# Created by Octave 4.2.2, Sun Dec 29 18:08:44 2019 UTC <jovyan@jupyter-tbondy760-2dsat-2dchirp-2dnotebooks-2dsutsh1gr>
# name: TestFreq
# type: matrix
# rows: 16
# columns: 1
 578
 900
 901
 577
 902
 576
 903
 904
 575
 905
 574
 906
 907
 573
 908
 909


