# Created by Octave 4.2.2, Wed Jan 01 05:18:36 2020 UTC <jovyan@jupyter-tbondy760-2dsat-2dchirp-2dnotebooks-2dvlnnmzmb>
# name: TestPhi
# type: matrix
# rows: 16
# columns: 1
 0.02364699117683151
 0.4025369803055392
 3.026095496975542e-05
 1.111760331880163e-05
 3.134442800529401
 0.005034104018758676
 2.50994711722242e-05
 4.188342547166789e-05
 3.141586511894625
 3.141552692064558
 3.141590297317004
 2.640546896544045
 4.146750062333584e-06
 2.649526283390982e-05
 2.421999480959576e-05
 7.711597821645001e-06


