# Created by Octave 4.2.2, Wed Jan 01 17:04:41 2020 UTC <terry@0e81b2fcffed>
# name: TestFreq
# type: matrix
# rows: 16
# columns: 1
 2062
 2063
 252
 2064
 2065
 2066
 2067
 2068
 2069
 2070
 2071
 251
 2072
 2073
 2074
 2075


