# Created by Octave 4.2.2, Thu Jan 02 00:00:15 2020 UTC <terry@0e81b2fcffed>
# name: TestPhi
# type: matrix
# rows: 16
# columns: 1
 3.141578396778453
 1.053972522003153e-06
 3.141592242235465
 3.141311339801197
 3.141586730925927
 3.141569847278412
 2.718231393366671
 3.119094933695354
 3.440155370878477e-05
 3.141592400662961
 3.743902872024537e-05
 4.601375649256095e-06
 3.141570020638099
 0.09168207685141638
 0.4023505939488471
 0.000104003435733852


