# Created by Octave 4.2.2, Wed Jan 01 15:49:02 2020 UTC <terry@0e81b2fcffed>
# name: TestFreq
# type: matrix
# rows: 16
# columns: 1
 1991
 1992
 261
 1993
 1994
 1995
 1996
 1997
 1998
 1999
 2000
 260
 2001
 2002
 2003
 2004


