# Created by Octave 4.2.2, Wed Jan 01 04:48:11 2020 UTC <jovyan@jupyter-tbondy760-2dsat-2dchirp-2dnotebooks-2dvlnnmzmb>
# name: TestFreq
# type: matrix
# rows: 16
# columns: 1
 316
 1646
 1647
 1648
 1649
 1650
 315
 1651
 1652
 1653
 1654
 1655
 1656
 314
 1657
 1658


