# Created by Octave 4.2.2, Tue Dec 31 06:09:03 2019 UTC <jovyan@jupyter-tbondy760-2dsat-2dchirp-2dnotebooks-2dn9416dzm>
# name: TestFreq
# type: matrix
# rows: 16
# columns: 1
 1335
 1336
 389
 1337
 1338
 1339
 1340
 388
 1341
 1342
 1343
 387
 1344
 1345
 1346
 1347


