# Created by Octave 4.2.2, Wed Jan 01 14:18:23 2020 UTC <jovyan@jupyter-tbondy760-2dsat-2dchirp-2dnotebooks-2d6ayl3l3y>
# name: TestFreq
# type: matrix
# rows: 16
# columns: 1
 1920
 1921
 1922
 1923
 1924
 1925
 270
 1926
 1927
 1928
 1929
 1930
 1931
 1932
 1933
 269


