# Created by Octave 4.2.2, Tue Dec 31 13:33:48 2019 UTC <jovyan@jupyter-tbondy760-2dsat-2dchirp-2dnotebooks-2d0ks6opua>
# name: TestFreq
# type: matrix
# rows: 16
# columns: 1
 379
 1373
 1374
 1375
 378
 1376
 1377
 1378
 1379
 377
 1380
 1381
 1382
 376
 1383
 1384


