# Created by Octave 4.2.2, Sun Dec 29 11:08:51 2019 UTC <terry@b3ebbc4233f8>
# name: TestFreq
# type: matrix
# rows: 16
# columns: 1
 722
 720
 723
 719
 724
 718
 725
 717
 726
 716
 727
 715
 728
 714
 729
 713


