# Created by Octave 4.2.2, Wed Jan 01 16:22:06 2020 UTC <terry@0e81b2fcffed>
# name: TestFreq
# type: matrix
# rows: 16
# columns: 1
 2019
 2020
 2021
 2022
 2023
 257
 2024
 2025
 2026
 2027
 2028
 2029
 2030
 2031
 256
 2032


