# Created by Octave 4.2.2, Tue Dec 31 23:14:30 2019 UTC <jovyan@jupyter-tbondy760-2dsat-2dchirp-2dnotebooks-2djvnhni2t>
# name: TestFreq
# type: matrix
# rows: 16
# columns: 1
 1500
 1501
 1502
 346
 1503
 1504
 1505
 1506
 1507
 345
 1508
 1509
 1510
 1511
 344
 1512


