# Created by Octave 4.2.2, Mon Dec 30 13:19:19 2019 UTC <jovyan@jupyter-tbondy760-2dsat-2dchirp-2dnotebooks-2dq5x0vs75>
# name: TestPhi
# type: matrix
# rows: 16
# columns: 1
 3.141589201436949
 1.837228538894884e-05
 2.234244157674187
 3.648202493378519e-05
 3.141591337561233
 3.14157437155059
 3.10862926766168
 3.141544960588652
 3.14147174316496
 6.483204899887882e-06
 3.141569613220884
 2.502055465867606
 7.152917422908911e-06
 3.125738600496781
 1.18957119793968e-05
 3.141555059143252


