# Created by Octave 4.2.2, Sun Dec 29 17:35:20 2019 UTC <jovyan@jupyter-tbondy760-2dsat-2dchirp-2dnotebooks-2dsutsh1gr>
# name: TestPhi
# type: matrix
# rows: 16
# columns: 1
 2.926523510463207
 3.141582269676972
 1.753940718851816e-05
 3.141590087269493
 3.094526187033098
 4.153544220116641e-05
 0.06505519846808003
 1.169363688089034e-05
 0.3145546646447833
 0.01205562567236166
 3.141572593185597
 0.00140885175856468
 3.141554501899962
 5.88826801631063e-06
 0.1033959054454142
 0.2149647927106492


