# Created by Octave 4.2.2, Wed Jan 01 06:34:21 2020 UTC <jovyan@jupyter-tbondy760-2dsat-2dchirp-2dnotebooks-2dvlnnmzmb>
# name: TestFreq
# type: matrix
# rows: 16
# columns: 1
 1740
 1741
 1742
 1743
 1744
 298
 1745
 1746
 1747
 1748
 1749
 1750
 297
 1751
 1752
 1753


