# Created by Octave 4.2.2, Wed Jan 01 07:35:07 2020 UTC <jovyan@jupyter-tbondy760-2dsat-2dchirp-2dnotebooks-2dvlnnmzmb>
# name: TestPhi
# type: matrix
# rows: 16
# columns: 1
 3.141569303997205
 3.141555305921203
 1.79659058661255e-05
 3.141510639946661
 3.464248081636471e-06
 3.141582581751724
 1.929067995813551e-05
 1.370433870794376e-06
 3.141500544706399
 3.141549281799882
 3.141569571891007
 3.141481675815419
 3.141584977128819
 5.570580219994942e-05
 4.192884747519729e-05
 3.141408759201392


