# Created by Octave 4.2.2, Wed Jan 01 15:49:02 2020 UTC <terry@0e81b2fcffed>
# name: TestPhi
# type: matrix
# rows: 16
# columns: 1
 0.651451487793585
 3.141414501823054
 0.1716793879935693
 3.141578281598335
 3.141544209166596
 1.064145990781105e-05
 3.141539167155433
 4.163847953828161e-05
 0.0001167717756893425
 0.0003131636502325574
 1.184363684861717e-05
 3.141575133545198
 4.867458164042861e-05
 3.141507061555251
 3.141553405626742
 3.141588707691637


