# Created by Octave 4.2.2, Wed Jan 01 23:31:23 2020 UTC <terry@0e81b2fcffed>
# name: TestFreq
# type: matrix
# rows: 16
# columns: 1
 2468
 2469
 2470
 2471
 2472
 2473
 2474
 2475
 2476
 210
 2477
 2478
 2479
 2480
 2481
 2482


