# Created by Octave 4.2.2, Tue Dec 31 21:53:42 2019 UTC <jovyan@jupyter-tbondy760-2dsat-2dchirp-2dnotebooks-2djvnhni2t>
# name: TestPhi
# type: matrix
# rows: 16
# columns: 1
 3.141582147109836
 5.035827072193747e-06
 3.141564479981047
 3.067737037076726
 1.318150534877448e-05
 0.2153245096833786
 3.140830259329118
 3.141584356296124
 3.141559984936835
 3.141555947774306
 3.67630925706569e-05
 3.874311186064359e-05
 3.141586897481471
 0.03352006090392725
 2.87084218482318
 0.1513295930230632


