# Created by Octave 4.2.2, Tue Dec 31 03:07:06 2019 UTC <jovyan@jupyter-tbondy760-2dsat-2dchirp-2dnotebooks-2dn9416dzm>
# name: TestPhi
# type: matrix
# rows: 16
# columns: 1
 8.75580923347201e-05
 8.541436794272177e-05
 3.141588993761602
 3.141590634187552
 1.02342352111065e-05
 2.528284699041258e-05
 5.35193026787949e-05
 2.514349340088252
 3.141583560627857
 2.891875051471958
 3.1415896484451
 0.0001267679724037538
 0.9538664084729196
 1.645303107958742e-05
 2.629925989526762e-05
 5.437195915592606e-05


