# Created by Octave 4.2.2, Sun Dec 08 21:33:07 2019 UTC <terry@e3968b35fa91>
# name: VA3TYB_Phi_d
# type: matrix
# rows: 275
# columns: 1
 0
 0
 0
 0
 0
 0
 0
 0
 0
 0
 0
 0
 0
 0
 0
 0
 0
 0
 0
 0
 0
 0
 0
 0
 0
 0
 0
 0
 0
 0
 0
 0
 0
 0
 0
 0
 0
 0
 0
 0
 0
 0
 0
 0
 0
 0
 0
 0
 0
 0
 0
 0
 0
 2.390240170365517e-06
 1.200442902562006
 4.839292477634862e-06
 0
 3.838325285822664e-08
 2.395125529182716
 6.291844393409073e-07
 0
 1.113717534401726e-05
 0
 5.003286765568951e-06
 0.3331518035993729
 1.297499741872654e-05
 0
 0
 0
 2.631950718730134e-05
 0
 1.408488672344225
 7.689564121483681e-06
 4.271186030223923e-05
 0
 1.064092848849151
 0
 0
 0
 1.468080021957109
 4.590806000132427e-05
 1.782724989779744e-06
 0
 1.334204386883275
 1.970784698519757
 0.9807119913065501
 0
 1.729248472911383
 0
 0
 0
 0
 0
 0
 0
 0.7221944187449727
 2.261707754410109e-06
 2.266460853007864
 0
 1.401955940868094
 0
 5.34654898216722e-06
 0
 0
 0
 1.742231939267435
 0
 0
 0
 0
 0
 0
 0
 2.776983299477855e-05
 0
 2.135692100508591
 0
 1.540493248702449
 0
 3.141589888231863
 0.8398129980470265
 0.7829482867465086
 0
 0
 0
 0.0001101469044366801
 0
 1.986345502720592
 1.666965189172702
 3.141585739540195
 0
 0
 0
 1.58608909210417
 0
 1.23181353843289
 0
 1.334575042897599
 0
 2.234657396237652
 3.141590447123253
 1.663032885271394e-05
 0
 1.614767718661141
 1.859012977801576
 1.717265160671305
 0
 0
 0
 1.913215815617476
 3.677750588554387e-05
 3.141576065650542
 0
 0
 0
 1.411069728342999
 1.515544476337455
 2.145292773334858
 0
 1.616647386880167
 0
 3.141502705707601
 1.881048520544431
 3.14155355910052
 0
 1.743448291348733
 2.446923256528819
 1.220024625205453
 0
 0
 0
 1.417168402866708
 1.295151964407145
 3.141575789016955
 0
 1.663761369941961
 0
 1.388812404687174
 0
 3.141579828188354
 0
 0
 0
 0
 0
 0
 0
 3.141557505172254
 0
 1.98210289301714
 0
 2.323652767084458
 0
 1.906878509732228
 1.774560239065093
 3.141592057077917
 0
 0
 0
 1.82075145606057
 0
 3.1415790925644
 3.141562881031463
 2.359466276055606
 0
 0
 0
 2.498023266221563
 0
 3.141550878065409
 0
 1.893418476712777
 0
 3.141585798065618
 2.308693383199862
 1.778690496816907
 0
 1.833513681711767
 3.141556971609045
 1.932282621509438
 0
 0
 0
 2.21742288567044
 1.817265628096445
 3.141556303696715
 0
 0
 0
 3.141591986525658
 1.977918140846173
 2.708889958141279
 0
 1.965869012067285
 0
 2.131378565648294
 2.482932734633175
 3.141583272315929
 0
 2.095855776802932
 3.141580111097309
 1.909899376526833
 0
 0
 0
 2.208188638047612
 2.180618581807673
 2.037188323299342
 0
 3.141576221704794
 0
 3.141566669399917
 0
 3.14158330134566
 0
 0
 0
 2.665186580096253
 0
 2.200262911557529
 0
 2.311862921980098
 2.053659505642813
 3.141590511966298
 0
 2.337869895240123
 2.634057161627346
 2.375179980247488
 0
 2.329184645369252
 0
 2.540362683840428
 0
 0
 0


