# Created by Octave 4.2.2, Sun Dec 08 21:34:07 2019 UTC <terry@e3968b35fa91>
# name: VE3YRA_Phi_d
# type: matrix
# rows: 275
# columns: 1
 0
 0
 0
 0
 0
 0
 0
 0
 0
 0
 0
 0
 0
 0
 0
 0
 0
 0
 0
 0
 0
 0
 0
 0
 0
 0
 0
 0
 0
 0
 0
 0
 0
 0
 0
 0
 0
 0
 0
 0
 0
 0
 0
 0
 0
 0
 0
 0
 0
 0
 0
 0
 0
 0
 0
 0
 0
 0
 0
 0
 0
 3.141589538060916
 1.76397190838196
 2.024388877755739
 0
 1.760923084163803
 3.141585919105464
 3.141581968076359
 0
 2.191804343031801
 0
 3.141591634996888
 1.748456400097327
 2.270076301142637
 0
 0
 0
 3.141538495578358
 0
 3.141592604912623
 3.141417429568533
 3.141592457114386
 0
 3.141586733373987
 0
 0
 0
 3.141212203311402
 1.399526908711876
 0.5884739327229191
 0
 3.025187706851361e-08
 3.1415913528895
 2.286211181447964
 0
 3.141592547220721
 0
 0
 0
 0
 0
 0
 0
 3.141574995935769
 3.141553272170325
 2.036098259173703
 0
 2.158723771576175
 0
 1.530292971945081
 0
 0
 0
 9.933060092069687e-06
 0
 0
 0
 0
 0
 0
 0
 1.329754373175595
 0
 1.895365761652204
 0
 1.260746862375947
 0
 1.66394227921976
 1.53396759481524
 6.285252171408437e-06
 0
 0
 0
 1.487931890006277
 0
 0
 0
 3.141588010187208
 0
 1.432521649426765
 0
 1.995247504102069
 0
 1.62149672185276
 1.778627180806303
 7.757463417879051e-06
 0
 1.831765006046864
 1.708232494629881
 3.446970068759177e-06
 0
 0
 0
 1.274543153304065
 0.02241071338223562
 1.644584786831353
 0
 1.59462375840974
 0
 1.623231382401424
 1.132820515271314
 1.437946553065802e-07
 0
 1.063800977875942
 1.562622339240848e-05
 1.512108557763958
 0
 0
 0
 5.361534509525052e-06
 0
 3.14156826282942
 1.734606150778115
 1.54689988416961
 0
 3.141580397409575
 0
 0
 0
 1.295314843608071e-05
 0
 1.442493457739016
 0.7258544779388195
 5.470580776335684e-06
 0
 0
 0
 0
 0
 0
 0
 3.022304949520153e-06
 0
 1.08104284435489
 0
 0.8729605774984007
 0
 1.135987076012505
 0.0005360802400350865
 5.101241131252746e-08
 0
 0
 0
 0.7671563751295768
 0
 0
 0
 0.9389424060063042
 0
 0.8858470683308481
 0
 1.130652968815786
 0
 0.0001059775281919023
 1.110514995597832
 7.218070307199947e-06
 0
 1.299181954027155
 0.7317086234141227
 1.075659495867493e-05
 0
 0
 0
 1.417412396439762
 0.9057014274047205
 0.07442836247526836
 0
 1.600604951322631
 0
 1.264790963894472
 1.179378374581175
 0.04978135743606921
 0
 1.174022316384558
 0.7987777919390718
 1.957532831158201e-05
 0
 0
 0
 0.5527263221862139
 0
 0.7481544612337589
 0.8665829214904592
 0.3657409647907564
 0
 1.085130693581283
 0
 0
 0
 0.3755481305976421
 0
 0.1719021361780115
 0.7641570107965113
 0.707677180506842
 0
 0
 0
 0.9351618513581929
 0
 0.005423811078096472
 0
 1.243967087313189
 0.9706948962721578
 0.7438681318595954
 0
 1.165205044159975
 1.01831125426794
 0.6570234002341924
 0
 0.4415266996695877
 0
 1.079992629970343
 0
 0
 0


