# Created by Octave 4.2.2, Sun Mar 01 11:11:09 2020 UTC <terry@0146ff684de7>
# name: template
# type: scalar struct
# ndims: 2
 1 1
# length: 3
# name: zeroOffIdx
# type: scalar
2040


# name: energy
# type: matrix
# rows: 22
# columns: 51
 4.100583723103985 5.317251546667e-05 14.14400840298864 0.0001085050529889392 68.46567277137864 0.0002441395300823662 616.3316260556702 0.0004341434562614271 30220.22015202515 262240.0354673889 755751.4723614207 1048575.813704572 755013.4215034272 261664.1256076445 30084.6516340437 0.02121182685905789 615.1065142412634 0.002193323791746579 68.37383249235944 0.0005244305489660304 14.12950042454606 0.0001831697198002509 4.097154464182606 7.965074387584719e-05 1.475072968811804 3.997470195896921e-05 0.6176176808257613 2.219938083821331e-05 0.2891422591394284 1.329255658975498e-05 0.1475242744167085 8.436713552911984e-06 0.08059543889597542 5.609021525277929e-06 0.0465521793512854 3.872837404855977e-06 0.02816122240189136 2.759454234202871e-06 0.01771372916906128 2.019025529007876e-06 0.01152030811196572 1.511191712203435e-06 0.007711875880258922 1.153527436408552e-06 0.005294380944795554 8.957570301234469e-07 0.003716459814138583 7.061903076364923e-07 0.002660857225240382 5.642696819571487e-07 0.001939021526337179
 4.10058372310394 5.317251546667236e-05 14.14400840298858 0.0001085050529884146 68.46567277137925 0.0002441395300840706 616.3316260556666 0.0004341434562586352 30220.22015202518 262240.035467389 755751.472361421 1048575.813704572 755013.4215034272 261664.1256076444 30084.65163404368 0.02121182685907957 615.1065142412673 0.002193323791740938 68.37383249235862 0.000524430548966912 14.12950042454612 0.0001831697198002786 4.09715446418262 7.965074387572482e-05 1.475072968811745 3.997470195900378e-05 0.6176176808257506 2.219938083823291e-05 0.28914225913944 1.329255658962459e-05 0.1475242744166993 8.436713552965931e-06 0.08059543889597356 5.60902152529509e-06 0.04655217935129145 3.872837404784414e-06 0.02816122240188368 2.759454234234664e-06 0.01771372916906163 2.01902552901469e-06 0.01152030811196605 1.511191712197001e-06 0.007711875880258916 1.153527436410205e-06 0.005294380944795929 8.957570301208768e-07 0.003716459814137714 7.061903076378798e-07 0.002660857225241218 5.642696819665355e-07 0.001939021526336582
 1896.415203110129 2306.674548425116 3213.665302832716 4725.823231756441 6196.399538011749 8004.347288948221 15279.92328502166 38741.83392136983 87736.62461413527 158105.8329256809 226793.0081436873 262699.743322256 247220.1022485945 188663.5393407361 116588.8509793227 59778.09857173065 29440.48958498323 19110.62147809795 16510.64074961872 14354.8764274018 11836.81101510169 10279.64750695712 9778.684950971603 9458.646590179806 8947.95394191957 8672.233508410351 8952.03183170933 9462.28511522111 9780.911768393129 10287.24592367164 11855.12230605405 14376.03225408869 16525.610651996 19149.22613281425 29593.00963653762 60141.8012754244 117154.434457225 189252.2816663376 247556.930510321 262604.1715349771 226317.5274751433 157486.0004024211 87222.58056522241 38448.94862011832 15169.8987510035 7978.476440770558 6185.568424038289 4712.339257413892 3203.199043196343 2301.859770870508 1893.749441982623
 0.001941992316973093 1.6974775582953e-08 0.00266506509299282 1.207013868260268e-08 0.003722549991846149 6.23420543304149e-09 0.005303410518740999 1.088639361818936e-09 0.007725631086029811 1.215357937232261e-09 0.0115419143220136 1.824017815240788e-08 0.01774887560686506 8.061700250969476e-08 0.0282207459861758 2.578495829869712e-07 0.04665783641160968 7.231540543784263e-07 0.08079368640257058 1.924978517729379e-06 0.1479218767065849 5.091066609934607e-06 0.2900074568549114 1.384850526942529e-05 0.6197033223870392 4.005954751196147e-05 1.480813467456844 0.0001282152033548006 4.116054507989945 0.0004801526731607847 14.20995195984264 0.002306975362438792 68.88652892825179 0.01707397831200343 622.0000826189321 0.3204012108924107 30858.69580364098 264936.7579368412 759189.9114553595 1048556.617705798 751563.4920665757 258985.7138233793 29457.78301694665 0.5236583267311137 609.3420035473747 0.0367914825509453 67.93763330095057 0.006555620353429934 14.06005598788744 0.00181371696363906 4.080623588972235
 0.001941992316979552 1.697477559436342e-08 0.002665065092992612 1.207013868570357e-08 0.003722549991841375 6.234205425479031e-09 0.005303410518745589 1.088639362949746e-09 0.007725631086029508 1.215357936109073e-09 0.0115419143220074 1.824017816729728e-08 0.01774887560688155 8.061700247827578e-08 0.02822074598616328 2.578495829964979e-07 0.04665783641161517 7.231540542876848e-07 0.08079368640250138 1.924978518273372e-06 0.1479218767067889 5.091066608643427e-06 0.2900074568546402 1.384850527076696e-05 0.6197033223871929 4.005954751191825e-05 1.480813467456984 0.0001282152033529631 4.116054507989631 0.0004801526731612255 14.20995195984202 0.002306975362458609 68.88652892825736 0.01707397831188683 622.0000826189053 0.3204012108930489 30858.69580364116 264936.7579368417 759189.9114553599 1048556.617705798 751563.4920665752 258985.7138233789 29457.78301694647 0.5236583267319218 609.3420035474011 0.0367914825507762 67.93763330094514 0.006555620353462965 14.06005598788804 0.001813716963640183 4.080623588972557
 315.6630572391105 363.3314094989842 439.8573488973259 539.4447215772136 635.1065576346441 750.2796527601187 959.1482757047009 1255.059337874763 1538.24239803677 1889.109013719768 2685.888829561606 4035.970456827058 5356.442302701598 6989.002957838023 13779.41339210632 36138.97992560189 83741.97071655632 153506.0907473814 223538.5716496477 263270.9454544775 252338.7346261278 196477.7721026032 124808.0660174418 66752.8174139601 34905.94328369557 24071.60179361921 21917.10578225628 20380.40431843136 18104.88819136468 16998.23908638209 18125.81762976913 20402.04857916234 21928.56668014806 24118.74898916594 35105.93522858123 67219.5223353734 125512.6166885906 197189.6691362005 252714.3327824902 263104.2676136321 222923.9700880508 152738.5952745038 83119.57019318748 35791.61937137 13651.5301184233 6959.793397156421 5344.458836498369 4021.022860951172 2674.435136610413 1883.966180551761 1535.450551489937
 0.1476939273064752 1.482492082147166e-06 0.2895100798824173 1.543674532253843e-06 0.6185009617481515 1.251084017252424e-06 1.477494415034345 3.572442298797238e-07 4.10509360862781 1.080865194210054e-06 14.16314602033342 3.907457740894319e-05 68.58722140774742 0.0006792743604612633 617.9594288683707 0.02134381877692735 30401.66173810262 263008.9918805352 756734.8620539006 1048573.55533534 754028.6800056659 260897.323414951 29904.57558161012 0.09705085560365133 613.4674110649382 0.007808579907076361 68.25047875226731 0.001562078609196353 14.1099509261923 0.0004773306566005563 4.092519857821655 0.0001870444452415477 1.473653190867869 8.635517888010715e-05 0.6170976231400062 4.478200580931725e-05 0.2889248353769855 2.532315778388741e-05 0.1474236124828604 1.53106730534119e-05 0.08054489197641521 9.763005526474333e-06 0.04652505867241393 6.500954962541983e-06 0.0281458462106684 4.487012116836265e-06 0.01770459562010785 3.191969455561592e-06 0.01151466166541006 2.329983054464932e-06 0.007708262266446098
