# Created by Octave 4.2.2, Wed Jan 01 22:35:14 2020 UTC <terry@0e81b2fcffed>
# name: TestFreq
# type: matrix
# rows: 16
# columns: 1
 2409
 2410
 2411
 2412
 2413
 2414
 2415
 2416
 2417
 2418
 215
 2419
 2420
 2421
 2422
 2423


