# Created by Octave 4.2.2, Sun Dec 29 16:46:37 2019 UTC <jovyan@jupyter-tbondy760-2dsat-2dchirp-2dnotebooks-2dsutsh1gr>
# name: TestFreq
# type: matrix
# rows: 16
# columns: 1
 852
 610
 853
 609
 854
 855
 608
 856
 607
 857
 858
 606
 859
 605
 860
 604


