# Created by Octave 4.2.2, Mon Dec 30 13:03:35 2019 UTC <jovyan@jupyter-tbondy760-2dsat-2dchirp-2dnotebooks-2dq5x0vs75>
# name: TestPhi
# type: matrix
# rows: 16
# columns: 1
 1.636368262288167e-05
 3.106926003179227
 3.141582662622246
 3.141590492418244
 7.246808199705865e-05
 2.946737362859402
 4.042572308004253e-05
 2.489375542330711e-05
 3.141416355351336
 3.141266381873308
 3.141374262011161
 1.428637167569023e-05
 0.954435865970152
 3.205369279044286e-05
 0.4202196989908383
 3.141580374092272


