# Created by Octave 4.2.2, Mon Dec 30 13:53:33 2019 UTC <jovyan@jupyter-tbondy760-2dsat-2dchirp-2dnotebooks-2dq5x0vs75>
# name: TestPhi
# type: matrix
# rows: 16
# columns: 1
 1.57576402000401e-05
 3.141544587703657
 3.141472230682556
 3.141472137020803
 5.325203799048767e-06
 0.09356175071525781
 4.754795420761769e-05
 3.141570078457506
 3.141293590224985
 6.822922781446715e-06
 2.968404307972993
 2.932719955153523
 3.141573106375123
 0.4272125170825518
 2.90119414909927
 3.299606381475235e-05


