# Created by Octave 4.2.2, Thu Jan 02 00:14:42 2020 UTC <terry@0e81b2fcffed>
# name: TestPhi
# type: matrix
# rows: 16
# columns: 1
 3.141553147111222
 5.517427580929035e-05
 3.141577981165212
 2.805093026627753e-06
 4.557578146932114e-07
 9.05873191860693e-05
 3.141589790285566
 3.141579077502106
 3.141557696811503
 3.174860788140392e-05
 3.141543675694721
 3.141592322599612
 2.973960560454928e-05
 3.141592429582642
 3.141573442230139
 3.141584933034806


