# Created by Octave 4.2.2, Tue Dec 31 23:56:50 2019 UTC <jovyan@jupyter-tbondy760-2dsat-2dchirp-2dnotebooks-2djvnhni2t>
# name: TestFreq
# type: matrix
# rows: 16
# columns: 1
 1539
 1540
 1541
 1542
 1543
 337
 1544
 1545
 1546
 1547
 336
 1548
 1549
 1550
 1551
 1552


