# Created by Octave 4.2.2, Mon Dec 30 23:11:09 2019 UTC <jovyan@jupyter-tbondy760-2dsat-2dchirp-2dnotebooks-2d711woxjv>
# name: TestFreq
# type: matrix
# rows: 16
# columns: 1
 1214
 428
 1215
 1216
 1217
 427
 1218
 1219
 1220
 426
 1221
 1222
 1223
 425
 1224
 1225


