# Created by Octave 4.2.2, Tue Dec 31 03:23:56 2019 UTC <jovyan@jupyter-tbondy760-2dsat-2dchirp-2dnotebooks-2dn9416dzm>
# name: TestPhi
# type: matrix
# rows: 16
# columns: 1
 3.141588577111681
 4.791431387200676e-06
 4.478953463043544e-06
 2.925109861443247
 7.804388061982763e-05
 6.511836441281698e-06
 4.191845271812988e-05
 1.197895713384315e-05
 7.03544724560553e-05
 2.954859791288512
 2.97327689122799
 3.141571842204973
 3.141588494792381
 3.141585267161798
 2.160792245246043e-05
 3.125394689824352


