# Created by Octave 4.2.2, Wed Jan 01 20:04:33 2020 UTC <terry@0e81b2fcffed>
# name: TestPhi
# type: matrix
# rows: 16
# columns: 1
 3.141575808002226
 2.172758248562309e-05
 3.063909150517383
 3.141536276307872
 3.14117644100619
 7.235323816517923e-07
 6.18241415755069e-05
 0.3600487261364204
 3.141564719192593
 3.141585925151923
 3.141587940114446
 0.03287071633597558
 3.141578837500105
 1.396105637570504
 4.746272083688396e-06
 1.411121981091359


