# Created by Octave 4.2.2, Sun Dec 29 13:53:17 2019 UTC <terry@b3ebbc4233f8>
# name: TestPhi
# type: matrix
# rows: 16
# columns: 1
 0.05864118190455769
 3.141516411518848
 3.14157783152546
 4.729965353603698e-05
 3.138878261927121
 3.141581415965918
 0.02024203865207037
 3.06347670584672
 3.058235011571336
 0.005716765427146698
 6.937055434147314e-05
 2.374751716261457e-06
 2.732599606188606
 2.68189901386038
 0.03006414134123798
 1.262756283074883


