# Created by Octave 4.2.2, Sun Dec 29 12:12:56 2019 UTC <terry@b3ebbc4233f8>
# name: TestFreq
# type: matrix
# rows: 16
# columns: 1
 689
 755
 688
 756
 687
 757
 758
 686
 759
 685
 760
 684
 761
 683
 762
 682


