# Created by Octave 4.2.2, Mon Dec 30 15:51:12 2019 UTC <jovyan@jupyter-tbondy760-2dsat-2dchirp-2dnotebooks-2dq5x0vs75>
# name: TestFreq
# type: matrix
# rows: 16
# columns: 1
 1121
 1122
 1123
 463
 1124
 1125
 462
 1126
 1127
 461
 1128
 1129
 1130
 460
 1131
 1132


