# Created by Octave 4.2.2, Wed Jan 01 22:21:41 2020 UTC <terry@0e81b2fcffed>
# name: TestFreq
# type: matrix
# rows: 16
# columns: 1
 2395
 2396
 217
 2397
 2398
 2399
 2400
 2401
 2402
 2403
 2404
 2405
 2406
 2407
 216
 2408


