# Created by Octave 4.2.2, Wed Jan 01 18:42:16 2020 UTC <terry@0e81b2fcffed>
# name: TestFreq
# type: matrix
# rows: 16
# columns: 1
 2162
 2163
 2164
 2165
 2166
 240
 2167
 2168
 2169
 2170
 2171
 2172
 2173
 2174
 2175
 239


