# Created by Octave 4.2.2, Wed Jan 01 07:35:07 2020 UTC <jovyan@jupyter-tbondy760-2dsat-2dchirp-2dnotebooks-2dvlnnmzmb>
# name: TestFreq
# type: matrix
# rows: 16
# columns: 1
 1795
 1796
 1797
 1798
 1799
 289
 1800
 1801
 1802
 1803
 1804
 1805
 288
 1806
 1807
 1808


