# Created by Octave 4.2.2, Thu Jan 02 00:43:37 2020 UTC <terry@0e81b2fcffed>
# name: TestFreq
# type: matrix
# rows: 16
# columns: 1
 2542
 2543
 2544
 2545
 2546
 2547
 2548
 2549
 204
 2550
 2551
 2552
 2553
 2554
 2555
 2556


