# Created by Octave 4.2.2, Wed Jan 01 06:04:16 2020 UTC <jovyan@jupyter-tbondy760-2dsat-2dchirp-2dnotebooks-2dvlnnmzmb>
# name: TestFreq
# type: matrix
# rows: 16
# columns: 1
 1713
 1714
 1715
 1716
 303
 1717
 1718
 1719
 1720
 1721
 302
 1722
 1723
 1724
 1725
 1726


