# Created by Octave 4.2.2, Wed Jan 01 04:48:11 2020 UTC <jovyan@jupyter-tbondy760-2dsat-2dchirp-2dnotebooks-2dvlnnmzmb>
# name: TestPhi
# type: matrix
# rows: 16
# columns: 1
 3.141577105541737
 3.988701388665386e-05
 2.431498398479709
 0.0001358701505756778
 3.141569589116804
 3.141574171576939
 3.141587066152716
 0.08754508174740978
 3.141373300644575
 3.141586143146644
 3.141574996854377
 0.7497580907111538
 6.754465758138221e-05
 0.0001815860251465836
 3.141585191919324
 1.508775380550826e-05


