# Created by Octave 4.2.2, Wed Jan 01 20:58:22 2020 UTC <terry@0e81b2fcffed>
# name: TestFreq
# type: matrix
# rows: 16
# columns: 1
 2307
 2308
 2309
 2310
 2311
 225
 2312
 2313
 2314
 2315
 2316
 2317
 2318
 2319
 2320
 2321


