# Created by Octave 4.2.2, Wed Jan 01 13:46:50 2020 UTC <jovyan@jupyter-tbondy760-2dsat-2dchirp-2dnotebooks-2d6ayl3l3y>
# name: TestPhi
# type: matrix
# rows: 16
# columns: 1
 0.6082814454726606
 3.141589777615653
 3.141592293211315
 6.004744781930101e-05
 3.141583028254137
 0.0002392810069618998
 0.4238577200727097
 1.333916342699207e-05
 5.529196618732052e-06
 3.13921246842309
 3.141583141727394
 3.619303146112331e-05
 3.141565067199295
 2.342264213521943e-05
 1.448309089166992
 0.1544105044710319


