# Created by Octave 4.2.2, Wed Jan 01 22:35:14 2020 UTC <terry@0e81b2fcffed>
# name: TestPhi
# type: matrix
# rows: 16
# columns: 1
 2.516284344933397e-05
 0.3296686793319229
 3.141484879873365
 4.817657006204321e-05
 2.695460266641444
 0.0001041303990019323
 3.141555909299957
 3.846783686784185e-06
 2.207513271295499e-06
 3.128812079678415
 6.614717422864742e-06
 3.141494794612991
 3.141587570337206
 3.14148011065954
 8.195981491240019e-07
 4.202010473349773e-05


