# Created by Octave 4.2.2, Wed Jan 01 05:33:54 2020 UTC <jovyan@jupyter-tbondy760-2dsat-2dchirp-2dnotebooks-2dvlnnmzmb>
# name: TestPhi
# type: matrix
# rows: 16
# columns: 1
 0.3591307248893296
 0.01431937127133727
 3.1415479243099
 0.1059194244898431
 3.141578575380924
 1.074761775857825e-05
 6.317946197281687e-06
 1.498392607046845e-05
 3.140104846692803
 2.600674750601168e-06
 2.826295467355002
 3.141536176270722
 2.186827077772298e-06
 3.141567594333075
 3.661241592787907e-05
 0.0001157585319543535


