# Created by Octave 4.2.2, Thu Jan 02 00:29:01 2020 UTC <terry@0e81b2fcffed>
# name: TestFreq
# type: matrix
# rows: 16
# columns: 1
 2527
 2528
 2529
 2530
 2531
 2532
 2533
 2534
 2535
 2536
 205
 2537
 2538
 2539
 2540
 2541


