# Created by Octave 4.2.2, Mon Dec 30 15:17:17 2019 UTC <jovyan@jupyter-tbondy760-2dsat-2dchirp-2dnotebooks-2dq5x0vs75>
# name: TestFreq
# type: matrix
# rows: 16
# columns: 1
 1099
 473
 1100
 1101
 472
 1102
 1103
 1104
 471
 1105
 1106
 470
 1107
 1108
 469
 1109


