# Created by Octave 4.2.2, Tue Dec 31 23:56:50 2019 UTC <jovyan@jupyter-tbondy760-2dsat-2dchirp-2dnotebooks-2djvnhni2t>
# name: TestPhi
# type: matrix
# rows: 16
# columns: 1
 3.141570911503114
 2.453558789610987
 3.141502073069748
 8.838148098107839e-06
 3.073839674246457
 3.141588849532486
 6.314939627512924e-06
 1.532370306689895e-05
 0.6993504971449239
 8.898782010415891e-06
 0.0005463071708001277
 3.14155704599102
 3.020395294383418
 3.647909294678471e-06
 3.141588867089408
 0.01422593117635292


