# Created by Octave 4.2.2, Tue Dec 31 05:52:29 2019 UTC <jovyan@jupyter-tbondy760-2dsat-2dchirp-2dnotebooks-2dn9416dzm>
# name: TestFreq
# type: matrix
# rows: 16
# columns: 1
 1323
 393
 1324
 1325
 1326
 392
 1327
 1328
 1329
 391
 1330
 1331
 1332
 1333
 390
 1334


