# Created by Octave 4.2.2, Mon Dec 30 20:37:14 2019 UTC <jovyan@jupyter-tbondy760-2dsat-2dchirp-2dnotebooks-2d711woxjv>
# name: TestPhi
# type: matrix
# rows: 16
# columns: 1
 4.368273566634201e-05
 0.2923180818583328
 3.141586316730395
 0.1882990028033095
 4.895911529706974e-05
 3.141549457008224
 3.033756190781781e-05
 3.141541611912456
 4.49488000219517e-05
 0.7036503899661368
 3.141549429921241
 5.351373162612881e-05
 0.0004777716697690077
 5.988395905870706e-05
 9.302465947875905e-06
 2.142278694728409


