# Created by Octave 4.2.2, Wed Jan 01 21:40:02 2020 UTC <terry@0e81b2fcffed>
# name: TestFreq
# type: matrix
# rows: 16
# columns: 1
 2351
 2352
 221
 2353
 2354
 2355
 2356
 2357
 2358
 2359
 2360
 2361
 2362
 2363
 220
 2364


