# Created by Octave 4.2.2, Wed Jan 01 04:33:16 2020 UTC <jovyan@jupyter-tbondy760-2dsat-2dchirp-2dnotebooks-2dvlnnmzmb>
# name: TestFreq
# type: matrix
# rows: 16
# columns: 1
 1632
 1633
 1634
 1635
 318
 1636
 1637
 1638
 1639
 1640
 317
 1641
 1642
 1643
 1644
 1645


