# Created by Octave 4.2.2, Sun Dec 29 12:41:10 2019 UTC <terry@b3ebbc4233f8>
# name: TestFreq
# type: matrix
# rows: 16
# columns: 1
 674
 772
 673
 773
 672
 774
 671
 775
 776
 670
 777
 669
 778
 668
 779
 667


