# Created by Octave 4.2.2, Mon Dec 30 02:03:37 2019 UTC <jovyan@jupyter-tbondy760-2dsat-2dchirp-2dnotebooks-2dgh254e8d>
# name: TestFreq
# type: matrix
# rows: 16
# columns: 1
 970
 536
 971
 535
 972
 973
 534
 974
 975
 533
 976
 977
 532
 978
 979
 531


