# Created by Octave 4.2.2, Wed Jan 01 16:07:46 2020 UTC <terry@0e81b2fcffed>
# name: TestFreq
# type: matrix
# rows: 16
# columns: 1
 2005
 2006
 2007
 259
 2008
 2009
 2010
 2011
 2012
 2013
 2014
 2015
 258
 2016
 2017
 2018


