# Created by Octave 4.2.2, Tue Dec 31 05:34:43 2019 UTC <jovyan@jupyter-tbondy760-2dsat-2dchirp-2dnotebooks-2dn9416dzm>
# name: TestFreq
# type: matrix
# rows: 16
# columns: 1
 1310
 1311
 1312
 1313
 396
 1314
 1315
 1316
 395
 1317
 1318
 1319
 394
 1320
 1321
 1322


