# Created by Octave 4.2.2, Wed Jan 01 21:26:14 2020 UTC <terry@0e81b2fcffed>
# name: TestFreq
# type: matrix
# rows: 16
# columns: 1
 2336
 2337
 2338
 2339
 2340
 2341
 2342
 222
 2343
 2344
 2345
 2346
 2347
 2348
 2349
 2350


