# Created by Octave 4.2.2, Wed Jan 01 19:23:16 2020 UTC <terry@0e81b2fcffed>
# name: TestPhi
# type: matrix
# rows: 16
# columns: 1
 3.141554134637823
 3.141591176342763
 7.620763494571638e-05
 7.419746254340706e-06
 3.141583099833213
 6.817623943780766e-06
 1.970447720733092e-05
 3.14158731682556
 2.473727487791693e-05
 0.0001000004058673019
 2.654718532625711e-05
 1.545912073793006e-05
 4.124847800244457e-06
 3.141590336582767
 3.141468011768214
 3.141579763908959


