# Created by Octave 4.2.2, Mon Dec 30 19:09:24 2019 UTC <jovyan@jupyter-tbondy760-2dsat-2dchirp-2dnotebooks-2d711woxjv>
# name: TestFreq
# type: matrix
# rows: 16
# columns: 1
 1144
 1145
 454
 1146
 1147
 453
 1148
 1149
 1150
 452
 1151
 1152
 451
 1153
 1154
 1155


