# Created by Octave 4.2.2, Wed Jan 01 06:19:26 2020 UTC <jovyan@jupyter-tbondy760-2dsat-2dchirp-2dnotebooks-2dvlnnmzmb>
# name: TestPhi
# type: matrix
# rows: 16
# columns: 1
 3.420741942463475e-05
 1.598472051965102e-05
 3.141565741520527
 1.838230118913898e-05
 2.236431199533564
 0.9422414307905762
 1.178854768541563e-05
 4.108940777512307e-05
 3.141535270596577
 3.141578169033449
 3.002896801045365
 3.140442234669786
 3.252081537594095e-05
 3.141576467998736
 1.302386129594169e-06
 0.001340358868901672


