# Created by Octave 4.2.2, Wed Jan 01 23:31:23 2020 UTC <terry@0e81b2fcffed>
# name: TestPhi
# type: matrix
# rows: 16
# columns: 1
 3.141581902791688
 3.518544872452467e-05
 3.141535797535942
 3.141586870141096
 3.141591108389737
 1.539727606427315e-05
 3.720977801622518e-05
 3.141551818448188
 2.180520748282328e-06
 3.141580489848259
 3.141588282858257
 3.584212432931538e-05
 3.141591903292558
 1.289533316275293e-05
 3.14156542885563
 1.361634018409876e-05


