# Created by Octave 4.2.2, Wed Jan 01 19:10:00 2020 UTC <terry@0e81b2fcffed>
# name: TestFreq
# type: matrix
# rows: 16
# columns: 1
 2191
 2192
 2193
 2194
 237
 2195
 2196
 2197
 2198
 2199
 2200
 2201
 2202
 2203
 236
 2204


