# Created by Octave 4.2.2, Thu Jan 02 00:57:29 2020 UTC <terry@0e81b2fcffed>
# name: TestPhi
# type: matrix
# rows: 16
# columns: 1
 1.289151829197995e-05
 3.14111536977082
 0.002066415885375214
 3.139581952627574
 5.990813264766797e-05
 3.141427883029415
 3.141071201352609
 3.141587691152724
 3.140341026930392
 3.140922350231439
 3.14145898572142
 0.002722588398594167
 3.14113919967623
 0.0001608360952930518
 0.0008048776779926144
 0.01397995137742473


