# Created by Octave 4.2.2, Mon Dec 30 20:55:28 2019 UTC <jovyan@jupyter-tbondy760-2dsat-2dchirp-2dnotebooks-2d711woxjv>
# name: TestPhi
# type: matrix
# rows: 16
# columns: 1
 3.963831704762591e-06
 3.141513389843298
 1.148848285731429
 2.306202311073132e-05
 4.906291177253188e-05
 3.141560237780495
 3.141582370084801
 3.141582900890985
 3.14158366637646
 2.053707013912366
 3.141591240521722
 5.627554702498015e-07
 3.079748231996942
 4.872617235175856e-06
 1.707229507335143e-06
 5.209057471169251e-05


