# Created by Octave 4.2.2, Tue Dec 31 05:01:47 2019 UTC <jovyan@jupyter-tbondy760-2dsat-2dchirp-2dnotebooks-2dn9416dzm>
# name: TestFreq
# type: matrix
# rows: 16
# columns: 1
 1286
 1287
 404
 1288
 1289
 1290
 403
 1291
 1292
 1293
 402
 1294
 1295
 1296
 401
 1297


