# Created by Octave 4.2.2, Tue Dec 31 15:35:11 2019 UTC <jovyan@jupyter-tbondy760-2dsat-2dchirp-2dnotebooks-2d0ks6opua>
# name: TestFreq
# type: matrix
# rows: 16
# columns: 1
 1410
 1411
 1412
 1413
 368
 1414
 1415
 1416
 367
 1417
 1418
 1419
 1420
 366
 1421
 1422


