# Created by Octave 4.2.2, Wed Jan 01 07:20:10 2020 UTC <jovyan@jupyter-tbondy760-2dsat-2dchirp-2dnotebooks-2dvlnnmzmb>
# name: TestPhi
# type: matrix
# rows: 16
# columns: 1
 3.14155761165515
 6.536735440280516e-05
 2.849456709596423
 3.689628242665584e-05
 0.0001463024528326267
 2.405431084452158
 3.09516956726399
 3.141581720847745
 2.410929010913938e-05
 3.141245335585514
 4.431251818717857e-05
 3.141562992973765
 3.14139242860349
 2.271061231809525e-05
 5.561316205529601e-05
 0.6852803395935421


