# Created by Octave 4.2.2, Wed Jan 01 18:00:20 2020 UTC <terry@0e81b2fcffed>
# name: TestPhi
# type: matrix
# rows: 16
# columns: 1
 3.141590101219355
 3.141500332295596
 5.195277337904546e-05
 3.141589115790097
 2.399812272047728
 2.341861512543094
 1.903747326893629e-05
 1.057526876996452e-05
 3.14151698480334
 0.0001976761013275903
 2.596750381882032e-07
 7.895824441231204e-06
 3.141526139451032
 8.109892164301007e-05
 2.173792026502407e-05
 3.141587372677369


