# Created by Octave 4.2.2, Wed Jan 01 19:36:56 2020 UTC <terry@0e81b2fcffed>
# name: TestPhi
# type: matrix
# rows: 16
# columns: 1
 0.01737525909609393
 3.141542673701001
 3.141570058534985
 2.180784831754245
 5.025366589809663e-07
 3.141585440186629
 1.998016643278564
 0.00134145721531227
 4.88505685502045e-05
 3.141532473179424
 3.141557917258212
 3.141583834372287
 5.329181182975174e-06
 3.223540583136014e-06
 0.0001290337159939321
 1.842035501333949e-06


