# Created by Octave 4.2.2, Sun Dec 29 17:35:20 2019 UTC <jovyan@jupyter-tbondy760-2dsat-2dchirp-2dnotebooks-2dsutsh1gr>
# name: TestFreq
# type: matrix
# rows: 16
# columns: 1
 880
 881
 590
 882
 589
 883
 884
 588
 885
 587
 886
 887
 586
 888
 585
 889


