# Created by Octave 4.2.2, Sun Dec 29 12:26:46 2019 UTC <terry@b3ebbc4233f8>
# name: TestFreq
# type: matrix
# rows: 16
# columns: 1
 763
 681
 764
 680
 765
 679
 766
 678
 767
 768
 677
 769
 676
 770
 675
 771


