# Created by Octave 4.2.2, Wed Jan 01 20:04:33 2020 UTC <terry@0e81b2fcffed>
# name: TestFreq
# type: matrix
# rows: 16
# columns: 1
 2249
 2250
 2251
 231
 2252
 2253
 2254
 2255
 2256
 2257
 2258
 2259
 2260
 230
 2261
 2262


