# Created by Octave 4.2.2, Tue Dec 31 03:07:06 2019 UTC <jovyan@jupyter-tbondy760-2dsat-2dchirp-2dnotebooks-2dn9416dzm>
# name: TestFreq
# type: matrix
# rows: 16
# columns: 1
 1250
 416
 1251
 1252
 1253
 415
 1254
 1255
 1256
 414
 1257
 1258
 1259
 413
 1260
 1261


