# Created by Octave 4.2.2, Wed Jan 01 06:04:16 2020 UTC <jovyan@jupyter-tbondy760-2dsat-2dchirp-2dnotebooks-2dvlnnmzmb>
# name: TestPhi
# type: matrix
# rows: 16
# columns: 1
 2.889618165767323
 4.410135897090981e-05
 3.14149626263897
 3.141581812328004
 3.141533620731915
 3.141435670966128
 3.141437429501216
 0.0550304936891116
 4.791602191335698e-06
 3.141574631451931
 3.141550616004023
 2.534382299482148e-05
 2.574092033051329e-05
 0.08556117210924652
 3.141400150292341
 3.141590822220117


