# Created by Octave 4.2.2, Wed Jan 01 19:50:38 2020 UTC <terry@0e81b2fcffed>
# name: TestPhi
# type: matrix
# rows: 16
# columns: 1
 3.141580213854397
 2.664323152919922e-05
 3.205903157608929e-06
 3.141570996247133
 3.061029511936369
 1.100305493473196e-05
 0.01829012998111638
 3.141539252107237
 3.080595676930872e-05
 3.141579341350941
 0.7788735705278323
 1.092318917314282e-05
 2.240921129491716
 6.747809433303519e-05
 3.141555946709256
 0.0001815462851840702


