# Created by Octave 4.2.2, Sun Dec 29 17:51:40 2019 UTC <jovyan@jupyter-tbondy760-2dsat-2dchirp-2dnotebooks-2dsutsh1gr>
# name: TestPhi
# type: matrix
# rows: 16
# columns: 1
 2.94050436043929
 7.453461168395886e-05
 4.570020308350148e-05
 3.906875881048181e-05
 3.129909774145391
 2.895295416187674
 3.141591027004422
 7.258183442926272e-06
 6.850871955111836e-05
 3.037285390211334
 3.139639144659558
 0.03690166501947944
 2.317181136789822
 4.31196934087235e-05
 3.14154918066245
 0.0006088282782815172


