# Created by Octave 4.2.2, Tue Dec 31 21:39:26 2019 UTC <jovyan@jupyter-tbondy760-2dsat-2dchirp-2dnotebooks-2djvnhni2t>
# name: TestFreq
# type: matrix
# rows: 16
# columns: 1
 1461
 1462
 1463
 1464
 355
 1465
 1466
 1467
 1468
 354
 1469
 1470
 1471
 1472
 1473
 353


