# Created by Octave 4.2.2, Wed Jan 01 06:50:16 2020 UTC <jovyan@jupyter-tbondy760-2dsat-2dchirp-2dnotebooks-2dvlnnmzmb>
# name: TestFreq
# type: matrix
# rows: 16
# columns: 1
 1754
 1755
 1756
 296
 1757
 1758
 1759
 1760
 1761
 1762
 295
 1763
 1764
 1765
 1766
 1767


