# Created by Octave 4.2.2, Sun Dec 29 15:03:10 2019 UTC <jovyan@jupyter-tbondy760-2dsat-2dchirp-2dnotebooks-2dsutsh1gr>
# name: TestFreq
# type: matrix
# rows: 16
# columns: 1
 631
 825
 630
 826
 629
 827
 828
 628
 829
 627
 830
 626
 831
 832
 625
 833


