# Created by Octave 4.2.2, Sun Dec 29 16:02:13 2019 UTC <jovyan@jupyter-tbondy760-2dsat-2dchirp-2dnotebooks-2dsutsh1gr>
# name: TestFreq
# type: matrix
# rows: 16
# columns: 1
 617
 843
 844
 616
 845
 615
 846
 614
 847
 848
 613
 849
 612
 850
 851
 611


