# Created by Octave 4.2.2, Sun Dec 29 13:24:00 2019 UTC <terry@b3ebbc4233f8>
# name: TestPhi
# type: matrix
# rows: 16
# columns: 1
 3.141546999003318
 2.204096962582023
 2.066850063087823e-05
 0.04553524106002492
 1.531171444415578e-05
 0.0001786709629267946
 3.14151837854559
 3.003899655870943
 0.0002600352320105369
 8.981999129110296e-05
 3.053528103997767
 3.14110079713009
 3.033257629521869
 3.020381120291309
 6.298537070521717e-05
 3.141578525549495


