# Created by Octave 4.2.2, Tue Dec 31 23:43:59 2019 UTC <jovyan@jupyter-tbondy760-2dsat-2dchirp-2dnotebooks-2djvnhni2t>
# name: TestFreq
# type: matrix
# rows: 16
# columns: 1
 1526
 1527
 1528
 1529
 340
 1530
 1531
 1532
 1533
 339
 1534
 1535
 1536
 1537
 1538
 338


