# Created by Octave 4.2.2, Wed Jan 01 22:48:56 2020 UTC <terry@0e81b2fcffed>
# name: TestFreq
# type: matrix
# rows: 16
# columns: 1
 2424
 2425
 2426
 2427
 2428
 2429
 214
 2430
 2431
 2432
 2433
 2434
 2435
 2436
 2437
 2438


