# Created by Octave 4.2.2, Sun Dec 29 19:12:40 2019 UTC <jovyan@jupyter-tbondy760-2dsat-2dchirp-2dnotebooks-2dsutsh1gr>
# name: TestPhi
# type: matrix
# rows: 16
# columns: 1
 2.976153132446209
 0.0002587122402128182
 3.103171189949457
 3.141583257184979
 1.577032436487048e-05
 0.1626552126401702
 7.939090117736319e-06
 3.141592371564225
 3.141588388561026
 3.141439046334335
 3.141573012480269
 0.1698883348026183
 3.14155195755753
 4.796470650632389e-06
 1.107376916338342e-05
 7.019749424163143e-06


