# Created by Octave 4.2.2, Wed Jan 01 21:40:02 2020 UTC <terry@0e81b2fcffed>
# name: TestPhi
# type: matrix
# rows: 16
# columns: 1
 1.575287092576149e-05
 3.141592487146699
 1.280830104010813e-05
 3.141573476206979
 9.194625445145248e-06
 3.1415718646848
 6.786654816766795e-06
 5.103936102889169e-06
 3.328064650851438e-05
 1.076493888137493e-05
 6.36870169608762e-05
 1.114779529888504e-05
 3.141523977531528
 3.141562432633664
 2.721021055158556e-07
 3.141454452106007


