# Created by Octave 4.2.2, Wed Jan 01 16:36:30 2020 UTC <terry@0e81b2fcffed>
# name: TestFreq
# type: matrix
# rows: 16
# columns: 1
 2033
 2034
 2035
 2036
 2037
 2038
 2039
 255
 2040
 2041
 2042
 2043
 2044
 2045
 2046
 2047


