# Created by Octave 4.2.2, Tue Dec 31 16:08:18 2019 UTC <jovyan@jupyter-tbondy760-2dsat-2dchirp-2dnotebooks-2d0ks6opua>
# name: TestPhi
# type: matrix
# rows: 16
# columns: 1
 3.141582825932893
 0.5041380973736455
 3.141586938183305
 0.2889053754623576
 3.141590965466032
 0.0002001448236917656
 7.570894548002239e-06
 3.141575709411384
 4.952401393130289e-06
 2.945582453656578
 1.181626762675156e-06
 3.141590226327921
 3.561526270958031e-06
 0.0001995630071540094
 3.141579640203569
 0.04444270727913403


