# Created by Octave 4.2.2, Sun Dec 29 15:03:10 2019 UTC <jovyan@jupyter-tbondy760-2dsat-2dchirp-2dnotebooks-2dsutsh1gr>
# name: TestPhi
# type: matrix
# rows: 16
# columns: 1
 3.141537969529368
 4.955617662623172e-06
 3.141581739860217
 0.1738844631410076
 3.141410730214498
 0.7135589694960564
 0.00920174219523574
 0.000115664057216645
 3.138689131617429
 0.01960350305047117
 5.618515972793244e-05
 0.0005110184016789894
 3.140682855690265
 3.141536327109778
 9.848809104979318e-05
 3.141586431063349


