# Created by Octave 4.2.2, Wed Jan 01 23:03:15 2020 UTC <terry@0e81b2fcffed>
# name: TestPhi
# type: matrix
# rows: 16
# columns: 1
 1.069662049879842e-06
 3.141567792037221
 3.141524776813597
 3.141588811529139
 2.317004525112323
 4.565908594545353e-06
 8.719581210919873e-05
 0.8404891323690824
 2.957144997249966
 3.141573735073549
 1.462047226166057e-05
 3.105672939555406
 3.141588950172193
 3.141590294308412
 0.000204223354477448
 3.141590206784851


