# Created by Octave 4.2.2, Sun Dec 29 16:46:37 2019 UTC <jovyan@jupyter-tbondy760-2dsat-2dchirp-2dnotebooks-2dsutsh1gr>
# name: TestPhi
# type: matrix
# rows: 16
# columns: 1
 2.423963743259795e-05
 3.134175639810231e-05
 0.4905193116159613
 3.141514354306564
 3.127158597929686
 0.07465042077060514
 3.141588244416897
 3.141586705785768
 0.0006930204236623554
 0.0001147944859457388
 3.141588711859459
 3.091113954913669
 9.870696661992897e-06
 0.757300774605264
 3.141576140871571
 0.002426680865691787


