# Created by Octave 4.2.2, Tue Dec 31 19:21:56 2019 UTC <jovyan@jupyter-tbondy760-2dsat-2dchirp-2dnotebooks-2djvnhni2t>
# name: TestFreq
# type: matrix
# rows: 2401
# columns: 1
 721
 722
 720
 723
 719
 724
 718
 725
 717
 726
 716
 727
 715
 728
 714
 729
 713
 730
 712
 731
 711
 732
 710
 733
 709
 734
 708
 735
 707
 736
 706
 737
 705
 738
 704
 739
 703
 740
 702
 741
 701
 742
 700
 743
 699
 744
 698
 745
 746
 697
 747
 696
 748
 695
 749
 694
 750
 693
 751
 692
 752
 691
 753
 690
 754
 689
 755
 688
 756
 687
 757
 758
 686
 759
 685
 760
 684
 761
 683
 762
 682
 763
 681
 764
 680
 765
 679
 766
 678
 767
 768
 677
 769
 676
 770
 675
 771
 674
 772
 673
 773
 672
 774
 671
 775
 776
 670
 777
 669
 778
 668
 779
 667
 780
 666
 781
 665
 782
 783
 664
 784
 663
 785
 662
 786
 661
 787
 660
 788
 789
 659
 790
 658
 791
 657
 792
 656
 793
 655
 794
 795
 654
 796
 653
 797
 652
 798
 651
 799
 800
 650
 801
 649
 802
 648
 803
 647
 804
 646
 805
 806
 645
 807
 644
 808
 643
 809
 642
 810
 811
 641
 812
 640
 813
 639
 814
 815
 638
 816
 637
 817
 636
 818
 635
 819
 820
 634
 821
 633
 822
 632
 823
 824
 631
 825
 630
 826
 629
 827
 828
 628
 829
 627
 830
 626
 831
 832
 625
 833
 624
 834
 623
 835
 836
 622
 837
 621
 838
 620
 839
 840
 619
 841
 618
 842
 617
 843
 844
 616
 845
 615
 846
 614
 847
 848
 613
 849
 612
 850
 851
 611
 852
 610
 853
 609
 854
 855
 608
 856
 607
 857
 858
 606
 859
 605
 860
 604
 861
 862
 603
 863
 602
 864
 865
 601
 866
 600
 867
 868
 599
 869
 598
 870
 871
 597
 872
 596
 873
 595
 874
 875
 594
 876
 593
 877
 878
 592
 879
 591
 880
 881
 590
 882
 589
 883
 884
 588
 885
 587
 886
 887
 586
 888
 585
 889
 890
 584
 891
 583
 892
 893
 582
 894
 895
 581
 896
 580
 897
 898
 579
 899
 578
 900
 901
 577
 902
 576
 903
 904
 575
 905
 574
 906
 907
 573
 908
 909
 572
 910
 571
 911
 912
 570
 913
 569
 914
 915
 568
 916
 917
 567
 918
 566
 919
 920
 565
 921
 564
 922
 923
 563
 924
 925
 562
 926
 561
 927
 928
 560
 929
 930
 559
 931
 558
 932
 933
 557
 934
 935
 556
 936
 555
 937
 938
 554
 939
 940
 553
 941
 942
 552
 943
 551
 944
 945
 550
 946
 947
 549
 948
 548
 949
 950
 547
 951
 952
 546
 953
 954
 545
 955
 544
 956
 957
 543
 958
 959
 542
 960
 961
 541
 962
 540
 963
 964
 539
 965
 966
 538
 967
 968
 537
 969
 970
 536
 971
 535
 972
 973
 534
 974
 975
 533
 976
 977
 532
 978
 979
 531
 980
 981
 530
 982
 529
 983
 984
 528
 985
 986
 527
 987
 988
 526
 989
 990
 525
 991
 992
 524
 993
 994
 523
 995
 996
 522
 997
 998
 521
 999
 1000
 520
 1001
 519
 1002
 1003
 518
 1004
 1005
 517
 1006
 1007
 516
 1008
 1009
 515
 1010
 1011
 514
 1012
 1013
 513
 1014
 1015
 512
 1016
 1017
 511
 1018
 1019
 510
 1020
 1021
 509
 1022
 1023
 508
 1024
 1025
 507
 1026
 1027
 506
 1028
 1029
 505
 1030
 1031
 504
 1032
 1033
 503
 1034
 1035
 502
 1036
 1037
 501
 1038
 1039
 1040
 500
 1041
 1042
 499
 1043
 1044
 498
 1045
 1046
 497
 1047
 1048
 496
 1049
 1050
 495
 1051
 1052
 494
 1053
 1054
 493
 1055
 1056
 492
 1057
 1058
 1059
 491
 1060
 1061
 490
 1062
 1063
 489
 1064
 1065
 488
 1066
 1067
 487
 1068
 1069
 486
 1070
 1071
 1072
 485
 1073
 1074
 484
 1075
 1076
 483
 1077
 1078
 482
 1079
 1080
 1081
 481
 1082
 1083
 480
 1084
 1085
 479
 1086
 1087
 478
 1088
 1089
 1090
 477
 1091
 1092
 476
 1093
 1094
 475
 1095
 1096
 1097
 474
 1098
 1099
 473
 1100
 1101
 472
 1102
 1103
 1104
 471
 1105
 1106
 470
 1107
 1108
 469
 1109
 1110
 1111
 468
 1112
 1113
 467
 1114
 1115
 466
 1116
 1117
 1118
 465
 1119
 1120
 464
 1121
 1122
 1123
 463
 1124
 1125
 462
 1126
 1127
 461
 1128
 1129
 1130
 460
 1131
 1132
 459
 1133
 1134
 1135
 458
 1136
 1137
 457
 1138
 1139
 1140
 456
 1141
 1142
 455
 1143
 1144
 1145
 454
 1146
 1147
 453
 1148
 1149
 1150
 452
 1151
 1152
 451
 1153
 1154
 1155
 450
 1156
 1157
 1158
 449
 1159
 1160
 448
 1161
 1162
 1163
 447
 1164
 1165
 446
 1166
 1167
 1168
 445
 1169
 1170
 1171
 444
 1172
 1173
 443
 1174
 1175
 1176
 442
 1177
 1178
 1179
 441
 1180
 1181
 440
 1182
 1183
 1184
 439
 1185
 1186
 1187
 438
 1188
 1189
 437
 1190
 1191
 1192
 436
 1193
 1194
 1195
 435
 1196
 1197
 1198
 434
 1199
 1200
 433
 1201
 1202
 1203
 432
 1204
 1205
 1206
 431
 1207
 1208
 1209
 430
 1210
 1211
 1212
 429
 1213
 1214
 428
 1215
 1216
 1217
 427
 1218
 1219
 1220
 426
 1221
 1222
 1223
 425
 1224
 1225
 1226
 424
 1227
 1228
 1229
 423
 1230
 1231
 1232
 422
 1233
 1234
 1235
 421
 1236
 1237
 1238
 420
 1239
 1240
 1241
 419
 1242
 1243
 1244
 418
 1245
 1246
 1247
 417
 1248
 1249
 1250
 416
 1251
 1252
 1253
 415
 1254
 1255
 1256
 414
 1257
 1258
 1259
 413
 1260
 1261
 1262
 412
 1263
 1264
 1265
 411
 1266
 1267
 1268
 410
 1269
 1270
 1271
 409
 1272
 1273
 1274
 408
 1275
 1276
 1277
 407
 1278
 1279
 1280
 406
 1281
 1282
 1283
 405
 1284
 1285
 1286
 1287
 404
 1288
 1289
 1290
 403
 1291
 1292
 1293
 402
 1294
 1295
 1296
 401
 1297
 1298
 1299
 1300
 400
 1301
 1302
 1303
 399
 1304
 1305
 1306
 398
 1307
 1308
 1309
 397
 1310
 1311
 1312
 1313
 396
 1314
 1315
 1316
 395
 1317
 1318
 1319
 394
 1320
 1321
 1322
 1323
 393
 1324
 1325
 1326
 392
 1327
 1328
 1329
 391
 1330
 1331
 1332
 1333
 390
 1334
 1335
 1336
 389
 1337
 1338
 1339
 1340
 388
 1341
 1342
 1343
 387
 1344
 1345
 1346
 1347
 386
 1348
 1349
 1350
 385
 1351
 1352
 1353
 1354
 384
 1355
 1356
 1357
 383
 1358
 1359
 1360
 1361
 382
 1362
 1363
 1364
 381
 1365
 1366
 1367
 1368
 380
 1369
 1370
 1371
 1372
 379
 1373
 1374
 1375
 378
 1376
 1377
 1378
 1379
 377
 1380
 1381
 1382
 376
 1383
 1384
 1385
 1386
 375
 1387
 1388
 1389
 1390
 374
 1391
 1392
 1393
 1394
 373
 1395
 1396
 1397
 372
 1398
 1399
 1400
 1401
 371
 1402
 1403
 1404
 1405
 370
 1406
 1407
 1408
 1409
 369
 1410
 1411
 1412
 1413
 368
 1414
 1415
 1416
 367
 1417
 1418
 1419
 1420
 366
 1421
 1422
 1423
 1424
 365
 1425
 1426
 1427
 1428
 364
 1429
 1430
 1431
 1432
 363
 1433
 1434
 1435
 1436
 362
 1437
 1438
 1439
 1440
 361
 1441
 1442
 1443
 1444
 360
 1445
 1446
 1447
 1448
 359
 1449
 1450
 1451
 1452
 358
 1453
 1454
 1455
 1456
 357
 1457
 1458
 1459
 1460
 356
 1461
 1462
 1463
 1464
 355
 1465
 1466
 1467
 1468
 354
 1469
 1470
 1471
 1472
 1473
 353
 1474
 1475
 1476
 1477
 352
 1478
 1479
 1480
 1481
 351
 1482
 1483
 1484
 1485
 350
 1486
 1487
 1488
 1489
 349
 1490
 1491
 1492
 1493
 1494
 348
 1495
 1496
 1497
 1498
 347
 1499
 1500
 1501
 1502
 346
 1503
 1504
 1505
 1506
 1507
 345
 1508
 1509
 1510
 1511
 344
 1512
 1513
 1514
 1515
 1516
 343
 1517
 1518
 1519
 1520
 342
 1521
 1522
 1523
 1524
 341
 1525
 1526
 1527
 1528
 1529
 340
 1530
 1531
 1532
 1533
 339
 1534
 1535
 1536
 1537
 1538
 338
 1539
 1540
 1541
 1542
 1543
 337
 1544
 1545
 1546
 1547
 336
 1548
 1549
 1550
 1551
 1552
 335
 1553
 1554
 1555
 1556
 334
 1557
 1558
 1559
 1560
 1561
 333
 1562
 1563
 1564
 1565
 1566
 332
 1567
 1568
 1569
 1570
 331
 1571
 1572
 1573
 1574
 1575
 330
 1576
 1577
 1578
 1579
 1580
 329
 1581
 1582
 1583
 1584
 1585
 328
 1586
 1587
 1588
 1589
 1590
 327
 1591
 1592
 1593
 1594
 1595
 326
 1596
 1597
 1598
 1599
 1600
 325
 1601
 1602
 1603
 1604
 324
 1605
 1606
 1607
 1608
 1609
 323
 1610
 1611
 1612
 1613
 1614
 322
 1615
 1616
 1617
 1618
 1619
 321
 1620
 1621
 1622
 1623
 1624
 1625
 320
 1626
 1627
 1628
 1629
 1630
 319
 1631
 1632
 1633
 1634
 1635
 318
 1636
 1637
 1638
 1639
 1640
 317
 1641
 1642
 1643
 1644
 1645
 316
 1646
 1647
 1648
 1649
 1650
 315
 1651
 1652
 1653
 1654
 1655
 1656
 314
 1657
 1658
 1659
 1660
 1661
 313
 1662
 1663
 1664
 1665
 1666
 312
 1667
 1668
 1669
 1670
 1671
 1672
 311
 1673
 1674
 1675
 1676
 1677
 310
 1678
 1679
 1680
 1681
 1682
 309
 1683
 1684
 1685
 1686
 1687
 1688
 308
 1689
 1690
 1691
 1692
 1693
 307
 1694
 1695
 1696
 1697
 1698
 1699
 306
 1700
 1701
 1702
 1703
 1704
 305
 1705
 1706
 1707
 1708
 1709
 1710
 304
 1711
 1712
 1713
 1714
 1715
 1716
 303
 1717
 1718
 1719
 1720
 1721
 302
