# Created by Octave 4.2.2, Thu Jan 02 01:11:55 2020 UTC <terry@0e81b2fcffed>
# name: TestPhi
# type: matrix
# rows: 16
# columns: 1
 2.950718355841881
 0.372709400633154
 3.141572544460467
 3.141576876438653
 1.190761450508918e-05
 5.16182502360291e-05
 3.141579340205843
 2.641441004734648
 0.3555736807447242
 3.141567705771947
 2.164429477639999e-05
 5.791174677361e-05
 3.141592496257921
 2.88131586301437
 0.0001418081480253842
 3.14154033913466


