# Created by Octave 4.2.2, Wed Jan 01 13:02:42 2020 UTC <jovyan@jupyter-tbondy760-2dsat-2dchirp-2dnotebooks-2d6ayl3l3y>
# name: TestPhi
# type: matrix
# rows: 16
# columns: 1
 0.005805564640002098
 0.3053299607476541
 3.141558445279019
 0.002956602685380743
 3.36320499407023e-06
 3.14155774959803
 3.021043842347076e-05
 3.141566149726316
 3.141573412105005
 3.136969565855984
 3.141591542625009
 0.04599798548559316
 3.141585801276805
 3.114530047753405
 3.945276172877851e-06
 3.141553137542027


