# Created by Octave 4.2.2, Wed Jan 01 22:21:41 2020 UTC <terry@0e81b2fcffed>
# name: TestPhi
# type: matrix
# rows: 16
# columns: 1
 8.658126389592549e-05
 4.698147126234144e-06
 6.586034680724091e-05
 5.44149252575422e-06
 6.419716877079734e-05
 3.141589403158752
 6.378493854651481e-05
 0.0001175012183117572
 3.141559644418743
 3.14159042762614
 3.141589876974697
 9.130883687463857e-06
 3.141577328076311
 2.333824435391037e-05
 4.661847227602359e-06
 3.141583687975994


