# Created by Octave 4.2.2, Wed Jan 01 05:03:14 2020 UTC <jovyan@jupyter-tbondy760-2dsat-2dchirp-2dnotebooks-2dvlnnmzmb>
# name: TestPhi
# type: matrix
# rows: 16
# columns: 1
 3.141583615306212
 3.0975613444973
 1.047340209180581e-05
 3.141417570550932
 2.336166540538135e-05
 0.1472222903224774
 6.636659868154367e-05
 3.141577658032584
 0.09094219380751385
 1.512124947911387e-05
 3.141589566840404
 1.808807106475635e-05
 2.939698830176251
 7.106030789124804e-06
 3.141579426271033
 3.070775350286177


