# Created by Octave 4.2.2, Wed Jan 01 22:07:38 2020 UTC <terry@0e81b2fcffed>
# name: TestFreq
# type: matrix
# rows: 16
# columns: 1
 2380
 2381
 2382
 2383
 2384
 2385
 218
 2386
 2387
 2388
 2389
 2390
 2391
 2392
 2393
 2394


