# Created by Octave 4.2.2, Tue Dec 31 06:09:03 2019 UTC <jovyan@jupyter-tbondy760-2dsat-2dchirp-2dnotebooks-2dn9416dzm>
# name: TestPhi
# type: matrix
# rows: 16
# columns: 1
 1.505222476399784e-05
 0.0262018336784032
 2.316448382061137
 3.375885750958043e-05
 3.141486116872545
 0.00387075125098281
 9.300045487836361e-05
 2.803178656337298
 3.141578890439015
 3.137892032658593
 3.141571230217881
 4.871696618939414e-05
 2.636093723999292e-05
 3.134517380239758
 2.692814014276093
 3.14154054595706


