# Created by Octave 4.2.2, Wed Jan 01 17:46:21 2020 UTC <terry@0e81b2fcffed>
# name: TestPhi
# type: matrix
# rows: 16
# columns: 1
 4.177959269635708e-05
 0.5068312028319309
 2.030533745953382e-06
 2.899917264942402
 2.852485360019421e-05
 3.141582555902325
 1.00529618480724e-05
 3.141575418199235
 3.007721945716241
 3.14158269220534
 3.141581695004137
 1.883544391420288e-05
 6.333274306730522e-06
 9.053560510624713e-06
 3.12119825228207
 3.141586253107746


