# Created by Octave 4.2.2, Thu Jan 02 01:26:14 2020 UTC <terry@0e81b2fcffed>
# name: TestFreq
# type: matrix
# rows: 16
# columns: 1
 2587
 201
 2588
 2589
 2590
 2591
 2592
 2593
 2594
 2595
 2596
 2597
 2598
 2599
 2600
 200


