# Created by Octave 4.2.2, Wed Jan 01 00:39:43 2020 UTC <jovyan@jupyter-tbondy760-2dsat-2dchirp-2dnotebooks-2djvnhni2t>
# name: TestPhi
# type: matrix
# rows: 16
# columns: 1
 3.141409863110356
 0.0001094092727545207
 1.553656433681683e-05
 1.008847508543679
 1.04491907045844e-05
 3.951603118932395e-06
 7.914280790796605e-06
 3.141519717452459
 1.357598706935875e-05
 0.0006085872621628592
 2.357849764152003e-05
 3.141587542443691
 3.14158103163858
 3.141571572340784
 3.141528667497127
 2.001854589229085


