# Created by Octave 4.2.2, Sun Dec 29 11:41:12 2019 UTC <terry@b3ebbc4233f8>
# name: TestFreq
# type: matrix
# rows: 16
# columns: 1
 738
 704
 739
 703
 740
 702
 741
 701
 742
 700
 743
 699
 744
 698
 745
 746


