# Created by Octave 4.2.2, Mon Dec 30 15:33:59 2019 UTC <jovyan@jupyter-tbondy760-2dsat-2dchirp-2dnotebooks-2dq5x0vs75>
# name: TestFreq
# type: matrix
# rows: 16
# columns: 1
 1110
 1111
 468
 1112
 1113
 467
 1114
 1115
 466
 1116
 1117
 1118
 465
 1119
 1120
 464


