# Created by Octave 4.2.2, Tue Dec 31 04:45:36 2019 UTC <jovyan@jupyter-tbondy760-2dsat-2dchirp-2dnotebooks-2dn9416dzm>
# name: TestFreq
# type: matrix
# rows: 16
# columns: 1
 1274
 408
 1275
 1276
 1277
 407
 1278
 1279
 1280
 406
 1281
 1282
 1283
 405
 1284
 1285


