# Created by Octave 4.2.2, Mon Dec 30 11:07:27 2019 UTC <jovyan@jupyter-tbondy760-2dsat-2dchirp-2dnotebooks-2dq5x0vs75>
# name: TestPhi
# type: matrix
# rows: 16
# columns: 1
 2.550159622772184e-05
 2.711950250542353e-05
 1.732182815927296e-05
 3.141381158302391
 3.123474715630871
 3.141565350782674
 3.101763138007994
 4.504468411728427e-07
 2.369546486265021e-05
 3.106365723298038
 3.141502566470458
 3.141581700268832
 0.001331401518170517
 3.141550022701971
 1.104489234824712e-07
 3.141587376682772


