# Created by Octave 4.2.2, Tue Dec 31 01:42:26 2019 UTC <jovyan@jupyter-tbondy760-2dsat-2dchirp-2dnotebooks-2dn9416dzm>
# name: TestPhi
# type: matrix
# rows: 16
# columns: 1
 3.141580940806868
 3.13076541486124
 1.015240690812413e-05
 3.141580553417018
 3.141589476835248
 3.141550455260588
 1.626101504978071e-06
 3.140793833587032
 1.707358991431314e-06
 3.14158915544299
 2.245348294494254e-05
 2.465387457202339
 3.141589024068425
 0.001679581739853482
 3.141589588987547
 0.04316838228594933


