# Created by Octave 4.2.2, Wed Jan 01 18:28:09 2020 UTC <terry@0e81b2fcffed>
# name: TestFreq
# type: matrix
# rows: 16
# columns: 1
 2148
 242
 2149
 2150
 2151
 2152
 2153
 2154
 2155
 2156
 2157
 241
 2158
 2159
 2160
 2161


