# Created by Octave 4.2.2, Sun Dec 29 11:26:56 2019 UTC <terry@b3ebbc4233f8>
# name: TestFreq
# type: matrix
# rows: 16
# columns: 1
 730
 712
 731
 711
 732
 710
 733
 709
 734
 708
 735
 707
 736
 706
 737
 705


