# Created by Octave 4.2.2, Mon Dec 30 14:26:10 2019 UTC <jovyan@jupyter-tbondy760-2dsat-2dchirp-2dnotebooks-2dq5x0vs75>
# name: TestPhi
# type: matrix
# rows: 16
# columns: 1
 3.355889471568349e-05
 3.141560684282293
 3.141569802408993
 0.1317615297221096
 5.742469867575063e-05
 2.789249636602179e-05
 3.141587002170932
 3.141557031173371
 7.525404030769687e-05
 2.670217882146477e-05
 8.953850900058545e-05
 1.758680106236567e-05
 3.141582528889888
 3.141590792533366
 3.141490028364239
 0.5944014108865789


