# Created by Octave 4.2.2, Wed Jan 01 23:03:15 2020 UTC <terry@0e81b2fcffed>
# name: TestFreq
# type: matrix
# rows: 16
# columns: 1
 2439
 2440
 2441
 213
 2442
 2443
 2444
 2445
 2446
 2447
 2448
 2449
 2450
 2451
 2452
 212


