# Created by Octave 4.2.2, Wed Jan 01 13:17:35 2020 UTC <jovyan@jupyter-tbondy760-2dsat-2dchirp-2dnotebooks-2d6ayl3l3y>
# name: TestFreq
# type: matrix
# rows: 16
# columns: 1
 1864
 1865
 1866
 1867
 1868
 1869
 1870
 278
 1871
 1872
 1873
 1874
 1875
 1876
 1877
 277


