# Created by Octave 4.2.2, Wed Jan 01 23:16:53 2020 UTC <terry@0e81b2fcffed>
# name: TestPhi
# type: matrix
# rows: 16
# columns: 1
 0.04279564402297529
 5.847372820466183e-05
 2.135124121355434e-05
 3.141579209107031
 1.144810416184411e-05
 9.212474304907151e-05
 3.130811541429264
 2.855212410594653
 3.141543943903318
 3.141580419371576
 1.558191846085603e-05
 3.141582435741545
 3.134730045327266
 3.141565441859067
 0.2553891986911114
 3.076291930453307


