# Created by Octave 4.2.2, Sun Dec 08 21:33:56 2019 UTC <terry@e3968b35fa91>
# name: VE3YRA_A_s
# type: matrix
# rows: 551
# columns: 1
 0
 0
 0
 0
 0
 0
 0
 0
 0
 0
 0
 0
 0
 0
 0
 0
 0
 0
 0
 0
 0
 0
 0
 0
 0
 0
 0
 0
 0
 0
 0
 0
 0
 0
 0
 0
 0
 0
 0
 0
 0
 0
 0
 0
 0
 0
 0
 0
 0
 0
 0
 0
 0
 0
 0
 0
 0
 0
 0
 0
 0
 1
 1
 1
 0
 1
 1
 1
 0
 1
 0
 1
 1
 1
 0
 0
 0
 1
 0
 1
 1
 1
 0
 1
 0
 0
 0
 1
 1
 1
 0
 1
 1
 1
 0
 1
 0
 0
 0
 0
 0
 0
 0
 1
 1
 1
 0
 1
 0
 1
 0
 0
 0
 1
 0
 0
 0
 0
 0
 0
 0
 1
 0
 1
 0
 1
 0
 1
 1
 1
 0
 0
 0
 1
 0
 0
 0
 1
 0
 1
 0
 1
 0
 1
 1
 1
 0
 1
 1
 1
 0
 0
 0
 1
 1
 1
 0
 1
 0
 1
 1
 1
 0
 1
 1
 1
 0
 0
 0
 1
 0
 1
 1
 1
 0
 1
 0
 0
 0
 1
 0
 1
 1
 1
 0
 0
 0
 0
 0
 0
 0
 1
 0
 1
 0
 1
 0
 1
 1
 1
 0
 0
 0
 1
 0
 0
 0
 1
 0
 1
 0
 1
 0
 1
 1
 1
 0
 1
 1
 1
 0
 0
 0
 1
 1
 1
 0
 1
 0
 1
 1
 1
 0
 1
 1
 1
 0
 0
 0
 1
 0
 1
 1
 1
 0
 1
 0
 0
 0
 1
 0
 1
 1
 1
 0
 0
 0
 1
 0
 1
 0
 1
 1
 1
 0
 1
 1
 1
 0
 1
 0
 1
 0
 0
 0
 0
 0
 0
 0
 1
 0
 1
 0
 1
 1
 1
 0
 1
 1
 1
 0
 1
 0
 1
 0
 0
 0
 1
 1
 1
 0
 1
 0
 0
 0
 1
 0
 1
 1
 1
 0
 1
 0
 0
 0
 1
 1
 1
 0
 1
 1
 1
 0
 1
 0
 1
 1
 1
 0
 0
 0
 1
 1
 1
 0
 1
 1
 1
 0
 1
 0
 1
 0
 1
 0
 0
 0
 1
 0
 0
 0
 1
 1
 1
 0
 1
 0
 1
 0
 1
 0
 0
 0
 0
 0
 0
 0
 1
 1
 1
 0
 1
 0
 0
 0
 1
 0
 1
 1
 1
 0
 1
 0
 0
 0
 1
 1
 1
 0
 1
 1
 1
 0
 1
 0
 1
 1
 1
 0
 0
 0
 1
 1
 1
 0
 1
 1
 1
 0
 1
 0
 1
 0
 1
 0
 0
 0
 1
 0
 0
 0
 1
 1
 1
 0
 1
 0
 1
 0
 1
 0
 0
 0
 0
 0
 0
 0
 1
 0
 0
 0
 1
 0
 1
 0
 1
 1
 1
 0
 0
 0
 0
 0
 0
 0
 1
 0
 1
 1
 1
 0
 1
 1
 1
 0
 0
 0
 1
 0
 1
 1
 1
 0
 1
 0
 0
 0
 1
 1
 1
 0
 1
 0
 1
 1
 1
 0
 1
 1
 1
 0
 0
 0
 0
 0
 0
 0
 0
 0
 0
 0
 0
 0
 0
 0
 0
 0
 0
 0
 0
 0
 0
 0
 0
 0
 0
 0
 0
 0
 0
 0
 0
 0
 0
 0
 0
 0
 0
 0
 0
 0
 0
 0
 0
 0
 0
 0
 0
 0
 0
 0
 0
 0
 0
 0
 0
 0
 0
 0
 0
 0


