# Created by Octave 4.2.2, Wed Jan 01 05:33:54 2020 UTC <jovyan@jupyter-tbondy760-2dsat-2dchirp-2dnotebooks-2dvlnnmzmb>
# name: TestFreq
# type: matrix
# rows: 16
# columns: 1
 1686
 1687
 1688
 308
 1689
 1690
 1691
 1692
 1693
 307
 1694
 1695
 1696
 1697
 1698
 1699


