# Created by Octave 4.2.2, Wed Jan 01 06:50:16 2020 UTC <jovyan@jupyter-tbondy760-2dsat-2dchirp-2dnotebooks-2dvlnnmzmb>
# name: TestPhi
# type: matrix
# rows: 16
# columns: 1
 3.141567306106565
 3.141567434717272
 8.697060703834783e-05
 2.862026046376378
 0.04711687349024957
 3.141549424315066
 3.141498851793473
 2.575346961791545
 3.141536412956873
 2.818667114112719
 3.141541505633734
 9.380762325304789e-05
 3.650607171173394e-05
 0.4579658737560062
 3.141531327420315
 5.174272209658612e-05


