# Created by Octave 4.2.2, Wed Jan 01 19:10:00 2020 UTC <terry@0e81b2fcffed>
# name: TestPhi
# type: matrix
# rows: 16
# columns: 1
 1.321318944636301e-05
 0.0001116381764037848
 0.4200930103610405
 1.134136656899656e-05
 4.957530253995329e-05
 3.141590698674006
 2.768637367256586e-05
 3.14157794906669
 3.141516352479475
 0.0003319361182685442
 1.267354997320693e-05
 3.141538498491268
 8.787751232829039e-06
 3.141555719724646
 0.8270657653494665
 3.141574428617336


