# Created by Octave 4.2.2, Wed Jan 01 18:42:16 2020 UTC <terry@0e81b2fcffed>
# name: TestPhi
# type: matrix
# rows: 16
# columns: 1
 1.002682630076487e-05
 9.094687431259183e-05
 3.141573627976522
 3.141577246123897
 2.090810958474355e-05
 3.141582149679248
 3.62367643491609e-05
 3.14158074631237
 2.758105021071167e-05
 3.141591031627625
 3.141551805036755
 3.141568454494878
 3.141562197450712
 1.338165129048278e-05
 8.100922016073733e-06
 1.106046303120381e-05


