# Created by Octave 4.2.2, Wed Jan 01 22:48:56 2020 UTC <terry@0e81b2fcffed>
# name: TestPhi
# type: matrix
# rows: 16
# columns: 1
 1.062194486242044e-05
 1.082280916321776e-05
 3.141583072056482
 1.184905737927669e-05
 3.141439625759254
 3.14158565242524
 3.623385818636387e-05
 9.503180717797904e-06
 3.141577143876682
 6.157887042619874e-05
 2.769831262621484e-05
 3.141557791477512
 3.141572847591514
 3.153112095456712e-06
 3.764204953949011e-05
 3.141529431281779


