# Created by Octave 4.2.2, Mon Dec 30 14:09:58 2019 UTC <jovyan@jupyter-tbondy760-2dsat-2dchirp-2dnotebooks-2dq5x0vs75>
# name: TestPhi
# type: matrix
# rows: 16
# columns: 1
 0.6443831264299361
 3.14157003452186
 3.141582898515006
 5.0386800911406e-05
 5.225304242228123e-06
 6.743985196253428e-05
 0.0912569493799206
 1.709682833229772e-06
 3.141435483696343
 3.141581384569526
 3.141568395079056
 2.206886525313055e-06
 3.141576314789927
 3.141561309517581
 0.5233368910144581
 0.0001831493951392552


