# Created by Octave 4.2.2, Wed Jan 01 11:43:21 2020 UTC <jovyan@jupyter-tbondy760-2dsat-2dchirp-2dnotebooks-2d6ayl3l3y>
# name: TestPhi
# type: matrix
# rows: 16
# columns: 1
 3.467306214271102e-06
 3.141538196152329
 1.954142589752179e-05
 0.0001998682072100153
 3.141583537297606
 3.141589449457479
 3.141519534830551
 2.464788237568913
 0.6260029173762159
 5.904877277887694e-05
 4.991687117779846e-05
 3.06016492574553
 3.141551667472908
 3.141560996379993
 5.173724476833304e-05
 4.705062810909817e-06


