# Created by Octave 4.2.2, Tue Dec 31 15:18:19 2019 UTC <jovyan@jupyter-tbondy760-2dsat-2dchirp-2dnotebooks-2d0ks6opua>
# name: TestPhi
# type: matrix
# rows: 16
# columns: 1
 6.542657577146468e-06
 6.337320321756076e-06
 3.416280413800398e-07
 3.141558895688582
 1.474703336929858e-05
 0.0001121053532470366
 3.141519839340403
 3.141581137213917
 2.90621428943668e-05
 3.141583711565562
 3.141533307197958
 9.562308370670319e-06
 0.0001425991285568597
 5.61429072285011e-05
 3.141581728482655
 1.484083036704528e-05


