# Created by Octave 4.2.2, Wed Jan 01 20:31:20 2020 UTC <terry@0e81b2fcffed>
# name: TestPhi
# type: matrix
# rows: 16
# columns: 1
 3.188989509547729e-06
 3.141584573921304
 3.103445273116836
 3.05280183713072
 1.217214955220553e-05
 2.325273981572175
 3.067690770326193e-05
 3.141592512423985
 0.8126446150688299
 3.141507065687009
 9.67767769974202e-05
 2.371682846268764e-05
 3.141470652022701
 3.141549678709853
 7.186921268431132e-05
 1.259528635566115e-05


