# Created by Octave 4.2.2, Wed Jan 01 17:31:56 2020 UTC <terry@0e81b2fcffed>
# name: TestPhi
# type: matrix
# rows: 16
# columns: 1
 3.141585812314226
 3.14159148352273
 0.0001383986353538763
 2.2948279622535e-05
 3.141589613952091
 2.447804063148978e-05
 4.932799561306628e-06
 3.503622046823587e-06
 2.871740998917937
 1.526421907757366e-05
 3.141540487646497
 6.609425528991096e-06
 2.878912483307308e-05
 3.141198894933025
 3.141589135057488
 0.0002050403522069603


