# Created by Octave 4.2.2, Mon Dec 30 14:42:50 2019 UTC <jovyan@jupyter-tbondy760-2dsat-2dchirp-2dnotebooks-2dq5x0vs75>
# name: TestFreq
# type: matrix
# rows: 16
# columns: 1
 483
 1077
 1078
 482
 1079
 1080
 1081
 481
 1082
 1083
 480
 1084
 1085
 479
 1086
 1087


