# Created by Octave 4.2.2, Wed Jan 01 12:31:21 2020 UTC <jovyan@jupyter-tbondy760-2dsat-2dchirp-2dnotebooks-2d6ayl3l3y>
# name: TestFreq
# type: matrix
# rows: 16
# columns: 1
 1823
 1824
 285
 1825
 1826
 1827
 1828
 1829
 1830
 284
 1831
 1832
 1833
 1834
 1835
 1836


