# Created by Octave 4.2.2, Mon Dec 30 02:03:37 2019 UTC <jovyan@jupyter-tbondy760-2dsat-2dchirp-2dnotebooks-2dgh254e8d>
# name: TestPhi
# type: matrix
# rows: 16
# columns: 1
 9.337903978718758e-05
 0.04900462705003058
 3.141568841582906
 0.01440153608345405
 3.135993780282383
 3.06461619110843
 3.141558372886945
 3.135608254313288
 1.287847326768679e-05
 2.809338824763529
 0.7628379316547772
 3.141552395035343
 3.141453261850688
 0.1689171966399889
 2.798844351832294e-05
 0.01503630783892883


