# Created by Octave 4.2.2, Thu Jan 02 00:43:37 2020 UTC <terry@0e81b2fcffed>
# name: TestPhi
# type: matrix
# rows: 16
# columns: 1
 3.141572771608658
 3.141573187702298
 2.91090074539221
 3.141536346234683
 3.141578693759258
 4.115988184308514e-05
 3.057688229731391
 3.141565518967218
 3.14158748527334
 3.141577230878543
 1.34383644580844e-05
 0.02616767630789383
 1.609821443646119e-05
 7.567540799307814e-06
 0.000114264781174884
 0.01405464658814428


