# Created by Octave 4.2.2, Mon Dec 30 15:51:12 2019 UTC <jovyan@jupyter-tbondy760-2dsat-2dchirp-2dnotebooks-2dq5x0vs75>
# name: TestPhi
# type: matrix
# rows: 16
# columns: 1
 2.416042725871142e-05
 3.141477491911029
 3.140028379970298
 0.01069456589397658
 0.00053183064103929
 3.141585789022147
 2.704909368144369
 3.141535658833755
 2.463246281927573
 3.125421547171833
 4.471701588036796e-07
 3.060547922572629
 0.7425655846630095
 3.398167298999724e-05
 0.001420464912945201
 0.01561001598758348


