# Created by Octave 4.2.2, Wed Jan 01 17:17:54 2020 UTC <terry@0e81b2fcffed>
# name: TestPhi
# type: matrix
# rows: 16
# columns: 1
 2.54196333299617e-05
 2.015389613507273e-05
 2.315986737430175e-05
 2.095056116044032e-05
 8.091415149992363e-05
 0.0001687847714129552
 3.141572421650156
 6.751678685598718e-06
 3.141446198256034
 8.130860851781341e-05
 3.141569513784536
 9.384461740411833e-06
 3.141528649300534
 3.141585926777686
 0.9448571988002845
 3.141579614794142


