# Created by Octave 4.2.2, Mon Dec 30 23:11:09 2019 UTC <jovyan@jupyter-tbondy760-2dsat-2dchirp-2dnotebooks-2d711woxjv>
# name: TestPhi
# type: matrix
# rows: 16
# columns: 1
 3.141567972281481
 3.141590778408221
 2.96887858816062e-05
 9.165344288417199e-05
 3.141585650646015
 3.141566002486818
 3.141484974034016
 3.141583802333996
 3.541619860348698e-05
 2.612280584533366e-05
 3.141511030541155
 9.6075535807795e-06
 0.0001007181572685087
 6.591034322992194e-06
 3.141586463275395
 3.69521779681529e-05


