# Created by Octave 4.2.2, Sun Dec 29 13:24:00 2019 UTC <terry@b3ebbc4233f8>
# name: TestFreq
# type: matrix
# rows: 16
# columns: 1
 652
 798
 651
 799
 800
 650
 801
 649
 802
 648
 803
 647
 804
 646
 805
 806


