# Created by Octave 4.2.2, Mon Dec 30 22:55:11 2019 UTC <jovyan@jupyter-tbondy760-2dsat-2dchirp-2dnotebooks-2d711woxjv>
# name: TestPhi
# type: matrix
# rows: 16
# columns: 1
 3.875346191660043e-05
 3.016394694114965
 3.14086592017453
 0.8495780712932424
 1.468058388375527e-05
 3.116818690748757
 3.1415651483001
 3.964242480826506e-05
 3.141590508620525
 3.138261419426069
 3.14158416974273
 3.141562168631755
 2.117379584918836
 0.001160426121779506
 0.006639905811743138
 3.141590411415126


