# Created by Octave 4.2.2, Wed Jan 01 19:23:16 2020 UTC <terry@0e81b2fcffed>
# name: TestFreq
# type: matrix
# rows: 16
# columns: 1
 2205
 2206
 2207
 2208
 2209
 2210
 2211
 2212
 235
 2213
 2214
 2215
 2216
 2217
 2218
 2219


