# Created by Octave 4.2.2, Wed Jan 01 20:44:27 2020 UTC <terry@0e81b2fcffed>
# name: TestPhi
# type: matrix
# rows: 16
# columns: 1
 3.141582722112323
 3.141575314003967
 3.141520783822496
 3.141494519525228
 3.141582206375449
 5.767097950309271e-05
 3.859562313376244e-05
 2.660269898052585e-05
 3.141590244756102
 0.0001206202966449426
 4.169989669353528e-05
 3.141577631274021
 1.751751723172694e-05
 3.648557252176615e-05
 1.017787763205374e-05
 0.0001068135019099588


