# Created by Octave 4.2.2, Wed Jan 01 18:00:20 2020 UTC <terry@0e81b2fcffed>
# name: TestFreq
# type: matrix
# rows: 16
# columns: 1
 2119
 2120
 2121
 2122
 245
 2123
 2124
 2125
 2126
 2127
 2128
 2129
 2130
 2131
 244
 2132


