# Created by Octave 4.2.2, Wed Jan 01 16:07:46 2020 UTC <terry@0e81b2fcffed>
# name: TestPhi
# type: matrix
# rows: 16
# columns: 1
 3.141392532388998
 5.258834648678228e-07
 2.501582007881557e-05
 3.083957562082016
 8.359940327468621e-05
 1.748512022745305e-05
 2.538198312268854e-05
 9.909744407344867e-05
 2.31625813445397
 3.141561566400424
 3.141587665443893
 4.887989183616793e-06
 0.000119881396832899
 3.141504901093685
 3.141574771145125
 3.14154457894643


