# Created by Octave 4.2.2, Wed Jan 01 22:07:38 2020 UTC <terry@0e81b2fcffed>
# name: TestPhi
# type: matrix
# rows: 16
# columns: 1
 3.141565349817615
 3.141586937120287
 1.111615578088337e-06
 1.253550218600004e-05
 3.141583448910485
 4.74619401939678e-05
 3.141554897613101
 2.538302826914917e-05
 2.559779472717185e-06
 8.212503786963063e-08
 1.930949833062806e-05
 3.141557499181462
 3.141579605301373
 3.141537862794074
 3.141585147460977
 3.141552759484419


