# Created by Octave 4.2.2, Wed Jan 01 18:14:13 2020 UTC <terry@0e81b2fcffed>
# name: TestFreq
# type: matrix
# rows: 16
# columns: 1
 2133
 2134
 2135
 2136
 2137
 2138
 2139
 243
 2140
 2141
 2142
 2143
 2144
 2145
 2146
 2147


