# Created by Octave 4.2.2, Wed Jan 01 13:17:35 2020 UTC <jovyan@jupyter-tbondy760-2dsat-2dchirp-2dnotebooks-2d6ayl3l3y>
# name: TestPhi
# type: matrix
# rows: 16
# columns: 1
 4.416057220448655e-06
 3.141541377068173
 3.141583519667978
 4.05201974585975e-05
 0.06746268230994383
 3.141558890975157
 3.141566130880475
 1.602251548106964e-05
 2.736457781008339
 3.141589450676654
 3.406048309194861e-06
 6.422493837852895e-06
 3.141591099459742
 2.619738376876136e-05
 2.945634622407098e-05
 3.061599791299569


