# Created by Octave 4.2.2, Sun Dec 29 18:08:44 2019 UTC <jovyan@jupyter-tbondy760-2dsat-2dchirp-2dnotebooks-2dsutsh1gr>
# name: TestPhi
# type: matrix
# rows: 16
# columns: 1
 2.917041702892536
 0.5282297065650295
 3.121770564777564
 0.07397888145401108
 3.141580576598843
 0.0001413637489025768
 2.954010518563464
 3.141497478189483
 3.140084897455818
 7.504527271247584e-05
 7.065870879225126e-06
 0.04963002013654845
 0.7941103051949705
 3.141577206417899
 3.082097470485944
 2.623229067656267e-06


