# Created by Octave 4.2.2, Wed Jan 01 00:25:23 2020 UTC <jovyan@jupyter-tbondy760-2dsat-2dchirp-2dnotebooks-2djvnhni2t>
# name: TestFreq
# type: matrix
# rows: 16
# columns: 1
 1566
 332
 1567
 1568
 1569
 1570
 331
 1571
 1572
 1573
 1574
 1575
 330
 1576
 1577
 1578


