# Created by Octave 4.2.2, Sun Dec 29 11:08:51 2019 UTC <terry@b3ebbc4233f8>
# name: TestPhi
# type: matrix
# rows: 16
# columns: 1
 0.5593969600680337
 3.33274690207989e-05
 8.713883295524126e-05
 0.05918725941183587
 2.758293165368717
 2.808110145152063
 0.8266358889380581
 2.929144202877316
 2.930906994794437
 0.2831203663742977
 3.141583732235174
 0.4247181639426217
 0.1294279169899501
 1.666351945320687
 2.66532541698846
 3.141280513866451


