# Created by Octave 4.2.2, Tue Dec 31 03:23:56 2019 UTC <jovyan@jupyter-tbondy760-2dsat-2dchirp-2dnotebooks-2dn9416dzm>
# name: TestFreq
# type: matrix
# rows: 16
# columns: 1
 1262
 412
 1263
 1264
 1265
 411
 1266
 1267
 1268
 410
 1269
 1270
 1271
 409
 1272
 1273


