# Created by Octave 4.2.2, Sun Dec 29 12:55:37 2019 UTC <terry@b3ebbc4233f8>
# name: TestFreq
# type: matrix
# rows: 16
# columns: 1
 780
 666
 781
 665
 782
 783
 664
 784
 663
 785
 662
 786
 661
 787
 660
 788


