# Created by Octave 4.2.2, Tue Dec 31 05:52:29 2019 UTC <jovyan@jupyter-tbondy760-2dsat-2dchirp-2dnotebooks-2dn9416dzm>
# name: TestPhi
# type: matrix
# rows: 16
# columns: 1
 0.0003556786431639724
 1.124162515868528
 3.141575483414473
 3.141590076437689
 1.392007615896633e-05
 3.141500645949434
 3.141584763745733
 3.141576709324746
 0.0001907829614611613
 3.930358613444155e-06
 0.6903803223735689
 4.011583266383165e-05
 3.141555478739214
 5.573344798531367e-05
 2.625782993898686e-05
 2.048866339225617e-05


