# Created by Octave 4.2.2, Tue Dec 31 21:39:26 2019 UTC <jovyan@jupyter-tbondy760-2dsat-2dchirp-2dnotebooks-2djvnhni2t>
# name: TestPhi
# type: matrix
# rows: 16
# columns: 1
 4.96034358568936e-05
 2.277167493533943e-05
 3.140664654838583
 3.139172489175721
 2.375328355811011e-05
 8.988823542639533e-05
 1.476689466038644e-05
 1.316055719463805e-06
 2.998547167435512e-05
 4.058578716143797e-05
 2.289445081232173e-05
 3.141476905674151
 3.139148441785789
 3.141568661235798
 3.141588576035579
 3.141565444116584


