# Created by Octave 4.2.2, Wed Jan 01 13:32:23 2020 UTC <jovyan@jupyter-tbondy760-2dsat-2dchirp-2dnotebooks-2d6ayl3l3y>
# name: TestFreq
# type: matrix
# rows: 16
# columns: 1
 1878
 1879
 1880
 1881
 1882
 1883
 1884
 276
 1885
 1886
 1887
 1888
 1889
 1890
 275
 1891


