# Created by Octave 4.2.2, Sun Dec 29 15:46:03 2019 UTC <jovyan@jupyter-tbondy760-2dsat-2dchirp-2dnotebooks-2dsutsh1gr>
# name: TestFreq
# type: matrix
# rows: 16
# columns: 1
 624
 834
 623
 835
 836
 622
 837
 621
 838
 620
 839
 840
 619
 841
 618
 842


