# Created by Octave 4.2.2, Wed Jan 01 16:51:04 2020 UTC <terry@0e81b2fcffed>
# name: TestPhi
# type: matrix
# rows: 16
# columns: 1
 0.5258941058326722
 3.082097398040913e-05
 1.10296400641858e-05
 3.141590747278432
 3.014337099737706
 2.691949949653956
 3.114969454882921
 4.636973925638601e-05
 3.141565954106476
 2.506994391269816
 5.862596006464328e-05
 3.141589471984002
 9.700390814478224e-06
 3.141449044450405
 0.001504098760557971
 0.2875278591631232


