# Created by Octave 4.2.2, Wed Jan 01 14:48:14 2020 UTC <jovyan@jupyter-tbondy760-2dsat-2dchirp-2dnotebooks-2d6ayl3l3y>
# name: TestPhi
# type: matrix
# rows: 16
# columns: 1
 1.538561138340459e-05
 3.141566943644581
 3.814263724714388e-05
 3.141591781339055
 3.141521070947424
 3.141571399270076
 3.12791335589433
 2.348583381634984
 3.141572560788946
 0.0001676164407750392
 3.452486614883238e-05
 3.141586477226784
 6.953331433021213e-05
 3.141591809971578
 0.0001752599365040507
 1.425354476056873e-05


