# Created by Octave 4.2.2, Wed Jan 01 14:02:22 2020 UTC <jovyan@jupyter-tbondy760-2dsat-2dchirp-2dnotebooks-2d6ayl3l3y>
# name: TestPhi
# type: matrix
# rows: 16
# columns: 1
 3.141575306305009
 2.366297909190706e-05
 0.1385692640733666
 3.141591062752019
 3.141577303346106
 2.640439030304917
 0.04942749479731438
 3.141556827264866
 6.553175872734481e-05
 3.141556464234276
 2.842101251730898e-05
 0.5261781476271127
 3.141587517247477
 1.593796061539632e-05
 3.067083054633352
 0.0005078223854348643


