# Created by Octave 4.2.2, Mon Dec 30 12:01:06 2019 UTC <jovyan@jupyter-tbondy760-2dsat-2dchirp-2dnotebooks-2dq5x0vs75>
# name: TestPhi
# type: matrix
# rows: 16
# columns: 1
 0.03886712044009285
 8.252258401101624e-06
 0.0001418458481176366
 3.154461047806504e-05
 1.982695416534073e-06
 4.312284031310845e-05
 3.141533220814368
 3.14155245889094
 3.141562337277269
 1.111214879745246
 0.1876436916078683
 3.121381704739516
 5.191896099982158e-06
 3.141580690698042
 2.788179752623892e-05
 3.141580447735588


