# Created by Octave 4.2.2, Wed Jan 01 11:43:21 2020 UTC <jovyan@jupyter-tbondy760-2dsat-2dchirp-2dnotebooks-2d6ayl3l3y>
# name: TestFreq
# type: matrix
# rows: 16
# columns: 1
 1809
 1810
 1811
 287
 1812
 1813
 1814
 1815
 1816
 1817
 1818
 286
 1819
 1820
 1821
 1822


