# Created by Octave 4.2.2, Sun Dec 08 21:34:45 2019 UTC <terry@e3968b35fa91>
# name: VA3ASE_Phi_d
# type: matrix
# rows: 275
# columns: 1
 0
 0
 0
 0
 0
 0
 0
 0
 0
 0
 0
 0
 0
 0
 0
 0
 0
 0
 0
 0
 0
 0
 0
 0
 0
 0
 0
 0
 0
 0
 0
 0
 0
 0
 0
 0
 0
 0
 0
 0
 0
 0
 0
 0
 0
 0
 0
 0
 0
 0
 0
 0
 0
 0
 0
 0
 0
 0
 0
 0
 0
 0
 0
 0
 0
 0
 0
 0
 0
 0
 0
 0
 0
 0
 0
 0
 0
 0
 0
 0
 0
 3.141590440920375
 1.52311070419207
 0.9742735950560113
 0
 3.141592321811733
 3.141591195865653
 3.141575807866719
 0
 3.141585952898684
 0
 3.141561698817736
 2.024576243216636
 2.272889511737913
 0
 0
 0
 3.141581678807138
 0
 3.141587124628487
 0.9048297788254668
 3.141524992595127
 0
 3.141572714852479
 0
 0
 0
 1.141954930425862
 3.141560872786023
 4.1708435119175e-06
 0
 1.93527919083517
 1.325785692127774
 1.400569428816409
 0
 3.141591384327532
 0
 0
 0
 0
 0
 0
 0
 1.486269775443626
 1.761218798036342
 3.141556261675083
 0
 1.997693667914169
 0
 0.8143831230753495
 0
 0
 0
 3.141591621946196
 0
 0
 0
 0
 0
 0
 0
 3.141581015042379
 0
 1.80090815416151
 0
 1.175813373600713
 0
 1.28524949103841
 3.368357640208425e-05
 1.006633417492762
 0
 0
 0
 2.009786971535511
 0
 1.150822510979544
 3.141576865602667
 1.723209337624135
 0
 0
 0
 3.141523834904111
 0
 1.552932942379469
 0
 7.278810804029338e-08
 0
 1.476604056895381
 1.117320934289586
 1.025300299233398e-05
 0
 1.337531644433887
 1.528445439997226
 1.043331648273072e-06
 0
 0
 0
 1.394024926624167
 0
 1.352668910102236
 4.880341803275321e-05
 1.432009869699448
 0
 0
 0
 1.512359862568556
 0
 1.231378508840982
 0
 0.4506400274381966
 0
 0
 0
 1.18970416413269
 0
 0
 0
 0
 0
 0
 0
 0.9294630398491226
 0
 1.304436806548607
 0
 1.377143536271534
 0
 1.22789056117069
 1.005818801512377e-06
 7.281934012530574e-06
 0
 0
 0
 0.0001762957128990632
 0
 0.7440289143996159
 1.184535824958744
 0.9410520903586225
 0
 0
 0
 1.328978211938876
 0
 1.095288899615943
 0
 9.1612833525442e-05
 0
 6.827167777924677e-06
 0.9027705794784239
 9.628496688671651e-06
 0
 0.7175349927603067
 1.460249966059806e-05
 3.397349575449098e-05
 0
 0
 0
 0.5190214585878773
 0
 1.401931195881631
 1.032334239895925
 0.7338750571754997
 0
 0
 0
 0.369169866797585
 0
 5.924588279683965e-06
 0
 1.126109078681782
 0
 0
 0
 2.294753533803331e-05
 0
 0
 0
 0.8528006851686659
 0
 0.3320821123643371
 0
 0.6628437888742003
 1.123896720261487
 0.2473588194576791
 0
 1.065229190318711
 1.141992399794556
 0.5604489162799817
 0
 1.075543644739208
 0
 1.164144094818202
 0
 0
 0


